2DIM  CN_vs_mach_alpha                                                                                                                                          
NX1  8  NX2  15                                                                                                                                 
0               0.1             0.004   0.004   0.004   0.004   0.004   0.004   0.004   0.004   0.004   0.004   0.003   0.003   0.003   0.003   0.003
0.1             0.5             0.004   0.004   0.004   0.004   0.004   0.004   0.004   0.004   0.004   0.004   0.003   0.003   0.003   0.003   0.003
0.2             0.7             0.008   0.008   0.008   0.008   0.009   0.008   0.008   0.008   0.008   0.007   0.007   0.007   0.006   0.006   0.006
0.5             0.9             0.019   0.019   0.019   0.019   0.021   0.019   0.021   0.021   0.020   0.019   0.017   0.017   0.016   0.016   0.016
1               1.1             0.039   0.039   0.039   0.039   0.043   0.039   0.043   0.042   0.041   0.037   0.034   0.033   0.032   0.031   0.031
2               1.3             0.080   0.078   0.078   0.078   0.086   0.078   0.086   0.085   0.082   0.076   0.068   0.068   0.065   0.064   0.064
3               1.5             0.123   0.117   0.117   0.118   0.131   0.118   0.130   0.130   0.125   0.116   0.104   0.104   0.101   0.100   0.101
5               2               0.213   0.197   0.197   0.199   0.222   0.201   0.222   0.222   0.216   0.203   0.185   0.190   0.189   0.187   0.187
                2.5                                                                                                                             
                3                                                                                                                               
                4                                                                                                                               
                5                                                                                                                               
                6                                                                                                                               
                7                                                                                                                               
                8                                                                                                                               

2DIM  Xcp_vs_mach_alpha                                                                                                                                         
NX1  8  NX2  15                                                                                                                                 
0               0.1             0.769   0.767   0.767   0.629   0.375   1.080   1.139   1.146   1.058   0.999   1.749   1.750   1.762   1.780   1.780
0.1             0.5             0.769   0.767   0.767   0.629   0.375   1.080   1.139   1.146   1.058   0.999   1.749   1.750   1.762   1.780   1.780
0.2             0.7             0.771   0.768   0.768   0.630   0.376   1.081   1.140   1.147   1.058   1.000   1.749   1.750   1.762   1.780   1.780
0.5             0.9             0.778   0.769   0.769   0.632   0.380   1.083   1.142   1.148   1.060   1.002   1.750   1.750   1.762   1.780   1.780
1               1.1             0.789   0.772   0.772   0.635   0.385   1.087   1.145   1.151   1.064   1.006   1.750   1.751   1.762   1.780   1.780
2               1.3             0.811   0.778   0.778   0.642   0.398   1.094   1.151   1.158   1.073   1.017   1.750   1.751   1.762   1.780   1.780
3               1.5             0.831   0.784   0.784   0.649   0.411   1.102   1.158   1.166   1.083   1.030   1.751   1.752   1.763   1.780   1.780
5               2               0.870   0.797   0.798   0.666   0.442   1.121   1.175   1.185   1.110   1.072   1.753   1.755   1.765   1.781   1.781
                2.5                                                                                                                             
                3                                                                                                                               
                4                                                                                                                               
                5                                                                                                                               
                6                                                                                                                               
                7                                                                                                                               
                8                                                                                                                               

1DIM CMq_vs_mach                
NX1  15         
0.1             -7.147
0.5             -8.206
0.7             -9.337
0.9             -10.959
1.1             -11.469
1.3             -10.443
1.5             -9.417
2.0             -6.852
2.5             -4.286
3.0             -1.720
4.0             26.147
5.0             26.120
6.0             21.035
7.0             19.863
8.0             18.495

1DIM CNq_vs_mach                
NX1  15         
0.100           7.350 
0.500           7.350 
0.700           7.350 
0.900           7.404 
1.100           8.121 
1.300           7.297 
1.500           8.074 
2.000           8.005 
2.500           7.709 
3.000           7.085 
4.000           6.182 
5.000           6.144 
6.000           3.964 
7.000           3.964 
8.000           3.964 

3DIM CA_off_vs_mach_alpha_alt                                                                                                                                                                                                                                                                                                                                                                                                                                                                                                                                                                                                                                                           
NX1  8  NX2  5  NX3  15                                                                                                                                                                                                                                                                                                                                                                                                                                                                                                                                                                                                                                         
0               40000           0.1             0.464   0.355   0.342   0.359   0.537   0.794   0.738   0.664   0.632   0.598   0.406   0.380   0.358   0.338   0.319   0.620   0.443   0.420   0.430   0.583   0.818   0.761   0.684   0.650   0.615   0.417   0.390   0.367   0.346   0.326   0.8464  0.5616  0.5249  0.5263  0.6443  0.8499  0.7912  0.7114  0.6754  0.6384  0.4309  0.4028  0.3789  0.3574  0.3377  1.234   0.750   0.690   0.676   0.740   0.900   0.838   0.754   0.715   0.676   0.454   0.424   0.400   0.378   0.357   2.751   1.400   1.247   1.176   1.058   1.064   0.995   0.897   0.849   0.804   0.534   0.503   0.478   0.457   0.438
0.1             50000           0.5             0.464   0.355   0.342   0.359   0.537   0.794   0.738   0.664   0.632   0.598   0.406   0.380   0.358   0.338   0.319   0.620   0.443   0.420   0.430   0.583   0.818   0.761   0.684   0.650   0.615   0.417   0.390   0.367   0.346   0.326   0.8464  0.5616  0.5249  0.5263  0.6443  0.8499  0.7912  0.7114  0.6754  0.6384  0.4309  0.4028  0.3789  0.3574  0.3377  1.234   0.750   0.690   0.676   0.740   0.900   0.838   0.754   0.715   0.676   0.454   0.424   0.400   0.378   0.357   2.751   1.400   1.247   1.176   1.058   1.064   0.995   0.897   0.849   0.804   0.534   0.503   0.478   0.457   0.438
0.2             60000           0.7             0.464   0.355   0.342   0.359   0.537   0.794   0.738   0.664   0.632   0.598   0.406   0.380   0.358   0.338   0.319   0.620   0.443   0.420   0.430   0.583   0.818   0.761   0.684   0.650   0.615   0.417   0.390   0.367   0.346   0.326   0.8464  0.5616  0.5248  0.5263  0.6442  0.8499  0.7912  0.7114  0.6754  0.6384  0.4309  0.4028  0.3789  0.3574  0.3377  1.234   0.750   0.690   0.676   0.740   0.900   0.838   0.754   0.715   0.676   0.454   0.424   0.400   0.378   0.357   2.751   1.400   1.247   1.176   1.058   1.064   0.995   0.897   0.849   0.804   0.534   0.503   0.478   0.457   0.438
0.5             70000           0.9             0.464   0.355   0.342   0.359   0.537   0.794   0.738   0.664   0.632   0.598   0.406   0.380   0.358   0.338   0.319   0.619   0.443   0.420   0.430   0.583   0.818   0.761   0.684   0.650   0.615   0.417   0.390   0.367   0.346   0.326   0.8463  0.5615  0.5248  0.5262  0.6442  0.8499  0.7911  0.7114  0.6754  0.6384  0.4309  0.4029  0.3789  0.3575  0.3377  1.234   0.750   0.690   0.676   0.740   0.900   0.838   0.754   0.715   0.676   0.454   0.424   0.400   0.378   0.357   2.751   1.400   1.246   1.176   1.058   1.064   0.995   0.897   0.849   0.804   0.534   0.503   0.478   0.457   0.438
1               80000           1.1             0.464   0.355   0.342   0.359   0.536   0.794   0.738   0.664   0.632   0.598   0.406   0.380   0.358   0.338   0.319   0.619   0.442   0.420   0.430   0.582   0.818   0.761   0.684   0.650   0.615   0.417   0.390   0.367   0.346   0.327   0.8461  0.5614  0.5247  0.5261  0.6441  0.8497  0.7910  0.7113  0.6753  0.6384  0.4310  0.4029  0.3790  0.3576  0.3378  1.234   0.750   0.689   0.676   0.740   0.899   0.838   0.754   0.715   0.676   0.454   0.424   0.400   0.378   0.358   2.751   1.399   1.246   1.176   1.058   1.064   0.994   0.896   0.849   0.804   0.534   0.503   0.478   0.457   0.438
2                               1.3             0.463   0.355   0.341   0.358   0.536   0.793   0.737   0.663   0.631   0.598   0.407   0.381   0.358   0.338   0.319   0.619   0.442   0.419   0.430   0.582   0.817   0.760   0.684   0.650   0.615   0.417   0.390   0.367   0.346   0.327   0.8456  0.5610  0.5243  0.5258  0.6437  0.8489  0.7903  0.7109  0.6752  0.6385  0.4312  0.4032  0.3793  0.3579  0.3382  1.233   0.750   0.689   0.675   0.740   0.899   0.837   0.754   0.715   0.676   0.454   0.425   0.400   0.378   0.358   2.749   1.399   1.246   1.175   1.057   1.063   0.994   0.896   0.849   0.805   0.535   0.503   0.478   0.457   0.439
3                               1.5             0.463   0.355   0.341   0.358   0.536   0.792   0.736   0.663   0.631   0.598   0.407   0.381   0.359   0.339   0.320   0.618   0.442   0.419   0.430   0.582   0.816   0.759   0.683   0.650   0.615   0.417   0.391   0.368   0.347   0.328   0.8449  0.5605  0.5238  0.5253  0.6432  0.8477  0.7891  0.7103  0.6751  0.6385  0.4317  0.4037  0.3799  0.3586  0.3389  1.232   0.749   0.688   0.675   0.739   0.897   0.836   0.753   0.715   0.676   0.455   0.425   0.401   0.379   0.359   2.747   1.398   1.245   1.174   1.057   1.062   0.993   0.896   0.849   0.805   0.535   0.504   0.479   0.458   0.439
5                               2               0.462   0.354   0.340   0.357   0.535   0.788   0.732   0.661   0.631   0.598   0.408   0.383   0.361   0.341   0.322   0.617   0.441   0.418   0.428   0.580   0.812   0.755   0.681   0.649   0.615   0.419   0.392   0.369   0.349   0.330   0.8427  0.5591  0.5225  0.5240  0.6418  0.8438  0.7855  0.7083  0.6746  0.6388  0.4332  0.4052  0.3817  0.3606  0.3410  1.229   0.747   0.687   0.673   0.737   0.894   0.833   0.751   0.714   0.676   0.456   0.427   0.402   0.381   0.361   2.740   1.394   1.241   1.171   1.054   1.058   0.989   0.894   0.848   0.805   0.537   0.505   0.481   0.460   0.441
                                2.5                                                                                                                                                                                                                                                                                                                                                                                                                                                                                                                                                                                                                             
                                3                                                                                                                                                                                                                                                                                                                                                                                                                                                                                                                                                                                                                               
                                4                                                                                                                                                                                                                                                                                                                                                                                                                                                                                                                                                                                                                               
                                5                                                                                                                                                                                                                                                                                                                                                                                                                                                                                                                                                                                                                               
                                6                                                                                                                                                                                                                                                                                                                                                                                                                                                                                                                                                                                                                               
                                7                                                                                                                                                                                                                                                                                                                                                                                                                                                                                                                                                                                                                               
                                8                                                                                                                                                                                                                                                                                                                                                                                                                                                                                                                                                                                                                               

3DIM CA_on_vs_mach_alpha_alt                                                                                                                                                                                                                                                                                                                                                                                                                                                                                                                                                                                                                                                            
NX1  8  NX2  5  NX3  15                                                                                                                                                                                                                                                                                                                                                                                                                                                                                                                                                                                                                                         
0               40000           0.1             0.415   0.306   0.293   0.311   0.464   0.726   0.674   0.611   0.589   0.563   -0.039  -0.034  -0.028  -0.023  -0.017  0.570   0.393   0.371   0.383   0.510   0.750   0.696   0.631   0.608   0.581   0.377   0.356   0.338   0.323   0.309   0.797   0.512   0.476   0.479   0.571   0.782   0.727   0.659   0.633   0.604   0.392   0.369   0.351   0.335   0.321   1.185   0.701   0.641   0.629   0.667   0.832   0.774   0.701   0.673   0.642   0.415   0.391   0.371   0.355   0.340   2.702   1.351   1.198   1.128   0.985   0.996   0.930   0.844   0.807   0.770   0.495   0.469   0.450   0.434   0.421
0.1             50000           0.5             0.415   0.306   0.293   0.311   0.464   0.726   0.674   0.611   0.589   0.563   -0.036  -0.030  -0.025  -0.019  -0.014  0.570   0.393   0.371   0.383   0.510   0.750   0.696   0.631   0.608   0.581   0.377   0.356   0.338   0.323   0.309   0.797   0.512   0.476   0.479   0.571   0.782   0.727   0.659   0.633   0.604   0.392   0.369   0.351   0.335   0.321   1.185   0.701   0.641   0.629   0.667   0.832   0.774   0.701   0.673   0.642   0.415   0.391   0.371   0.355   0.340   2.702   1.350   1.198   1.128   0.985   0.996   0.930   0.844   0.807   0.770   0.495   0.469   0.450   0.434   0.421
0.2             60000           0.7             0.415   0.306   0.293   0.311   0.464   0.726   0.674   0.611   0.589   0.563   -0.032  -0.027  -0.022  -0.016  -0.011  0.570   0.393   0.371   0.383   0.510   0.750   0.696   0.631   0.608   0.581   0.377   0.356   0.338   0.323   0.309   0.797   0.512   0.476   0.479   0.571   0.782   0.727   0.659   0.633   0.604   0.392   0.369   0.351   0.335   0.321   1.185   0.701   0.641   0.629   0.667   0.832   0.774   0.701   0.673   0.642   0.415   0.391   0.371   0.355   0.340   2.702   1.350   1.198   1.128   0.985   0.996   0.930   0.844   0.807   0.770   0.495   0.469   0.450   0.434   0.421
0.5             70000           0.9             0.414   0.306   0.293   0.311   0.463   0.726   0.674   0.611   0.589   0.563   -0.022  -0.017  -0.012  -0.007  -0.002  0.570   0.393   0.371   0.383   0.510   0.750   0.696   0.631   0.608   0.581   0.377   0.356   0.338   0.323   0.309   0.797   0.512   0.476   0.479   0.571   0.782   0.727   0.658   0.633   0.604   0.392   0.369   0.351   0.335   0.321   1.185   0.701   0.641   0.629   0.667   0.832   0.774   0.701   0.673   0.642   0.415   0.391   0.371   0.355   0.340   2.702   1.350   1.198   1.128   0.985   0.996   0.930   0.844   0.807   0.770   0.495   0.469   0.450   0.434   0.421
1               80000           1.1             0.414   0.306   0.293   0.311   0.463   0.726   0.673   0.611   0.589   0.563   -0.006  0.000   0.004   0.009   0.014   0.570   0.393   0.371   0.383   0.509   0.750   0.696   0.631   0.608   0.581   0.378   0.356   0.339   0.323   0.309   0.797   0.512   0.476   0.479   0.571   0.782   0.727   0.658   0.633   0.604   0.392   0.369   0.351   0.335   0.321   1.185   0.701   0.641   0.628   0.667   0.832   0.774   0.701   0.673   0.642   0.415   0.391   0.372   0.355   0.341   2.701   1.350   1.198   1.128   0.985   0.996   0.930   0.844   0.807   0.770   0.495   0.469   0.450   0.434   0.421
2                               1.3             0.414   0.306   0.293   0.311   0.463   0.725   0.673   0.610   0.589   0.564   0.029   0.034   0.037   0.041   0.047   0.570   0.393   0.371   0.383   0.509   0.749   0.695   0.631   0.608   0.581   0.378   0.356   0.339   0.324   0.310   0.796   0.512   0.476   0.478   0.571   0.781   0.726   0.658   0.633   0.604   0.392   0.370   0.351   0.335   0.321   1.184   0.700   0.641   0.628   0.667   0.831   0.773   0.701   0.673   0.642   0.415   0.391   0.372   0.355   0.341   2.700   1.350   1.197   1.127   0.984   0.996   0.929   0.843   0.807   0.770   0.495   0.470   0.450   0.435   0.422
3                               1.5             0.414   0.305   0.293   0.311   0.463   0.724   0.672   0.610   0.589   0.564   0.065   0.071   0.073   0.077   0.084   0.569   0.393   0.370   0.382   0.509   0.748   0.694   0.630   0.608   0.581   0.378   0.357   0.339   0.324   0.311   0.796   0.511   0.475   0.478   0.570   0.780   0.725   0.657   0.633   0.604   0.393   0.370   0.352   0.336   0.322   1.183   0.700   0.640   0.628   0.666   0.830   0.772   0.700   0.673   0.642   0.416   0.392   0.372   0.356   0.342   2.698   1.348   1.196   1.127   0.984   0.994   0.928   0.843   0.807   0.770   0.496   0.470   0.451   0.435   0.422
5                               2               0.413   0.305   0.292   0.310   0.462   0.720   0.668   0.608   0.589   0.564   0.146   0.156   0.161   0.165   0.170   0.568   0.392   0.369   0.381   0.508   0.744   0.691   0.628   0.607   0.581   0.380   0.358   0.341   0.326   0.313   0.794   0.510   0.474   0.477   0.569   0.776   0.721   0.655   0.632   0.605   0.394   0.372   0.354   0.338   0.324   1.180   0.698   0.638   0.626   0.664   0.826   0.768   0.698   0.672   0.642   0.417   0.393   0.374   0.358   0.344   2.691   1.345   1.193   1.124   0.981   0.991   0.925   0.841   0.806   0.771   0.497   0.472   0.453   0.437   0.424
                                2.5                                                                                                                                                                                                                                                                                                                                                                                                                                                                                                                                                                                                                             
                                3                                                                                                                                                                                                                                                                                                                                                                                                                                                                                                                                                                                                                               
                                4                                                                                                                                                                                                                                                                                                                                                                                                                                                                                                                                                                                                                               
                                5                                                                                                                                                                                                                                                                                                                                                                                                                                                                                                                                                                                                                               
                                6                                                                                                                                                                                                                                                                                                                                                                                                                                                                                                                                                                                                                               
                                7                                                                                                                                                                                                                                                                                                                                                                                                                                                                                                                                                                                                                               
                                8                                                                                                                                                                                                                                                                                                                                                                                                                                                                                                                                                                                                                               