2DIM  CN_vs_mach_alpha                                                                      
NX1  8  NX2  15                                                                 
0       0.1     0.0039  0.0039  0.0039  0.0039  0.0042  0.0062  0.0066  0.0066  0.0063  0.0060  0.0057  0.0054  0.0052  0.0050  0.0051
0.1     0.5     0.0039  0.0039  0.0039  0.0039  0.0042  0.0062  0.0066  0.0066  0.0063  0.0060  0.0057  0.0054  0.0052  0.0050  0.0051
0.2     0.7     0.0078  0.0077  0.0077  0.0078  0.0083  0.0124  0.0132  0.0132  0.0125  0.0120  0.0114  0.0109  0.0104  0.0101  0.0101
0.5     0.9     0.0198  0.0194  0.0194  0.0195  0.0209  0.0312  0.0331  0.0331  0.0315  0.0301  0.0285  0.0273  0.0261  0.0254  0.0254
1       1.1     0.0405  0.0391  0.0391  0.0393  0.0421  0.0628  0.0665  0.0665  0.0633  0.0605  0.0575  0.0550  0.0526  0.0513  0.0514
2       1.3     0.0848  0.0791  0.0791  0.0796  0.0857  0.1271  0.1346  0.1348  0.1285  0.1230  0.1173  0.1125  0.1081  0.1062  0.1072
3       1.5     0.1329  0.1200  0.1202  0.1210  0.1309  0.1932  0.2045  0.2051  0.1961  0.1881  0.1804  0.1757  0.1712  0.1700  0.1735
5       2       0.2386  0.2047  0.2054  0.2072  0.2272  0.3315  0.3510  0.3536  0.3419  0.3343  0.3325  0.3353  0.3385  0.3380  0.3384
        2.5                                                             
        3                                                               
        4                                                               
        5                                                               
        6                                                               
        7                                                               
        8                                                               

2DIM  Xcp_vs_mach_alpha                                                                     
NX1  8  NX2  15                                                                 
0       0.1     2.470   2.465   2.465   2.402   2.177   2.909   2.951   3.047   3.087   3.037   2.929   2.865   2.846   2.766   2.770
0.1     0.5     2.470   2.465   2.465   2.402   2.177   2.909   2.951   3.047   3.087   3.037   2.929   2.865   2.846   2.766   2.770
0.2     0.7     2.477   2.467   2.467   2.403   2.179   2.910   2.952   3.048   3.088   3.038   2.930   2.866   2.847   2.768   2.771
0.5     0.9     2.497   2.472   2.472   2.409   2.187   2.913   2.955   3.050   3.091   3.041   2.934   2.871   2.852   2.773   2.777
1       1.1     2.529   2.480   2.480   2.418   2.201   2.919   2.960   3.055   3.096   3.047   2.941   2.880   2.862   2.785   2.789
2       1.3     2.590   2.497   2.498   2.436   2.231   2.931   2.972   3.066   3.108   3.061   2.959   2.902   2.890   2.823   2.835
3       1.5     2.646   2.514   2.516   2.457   2.263   2.945   2.985   3.079   3.122   3.077   2.984   2.942   2.944   2.891   2.913
5       2       2.740   2.551   2.555   2.500   2.333   2.976   3.014   3.109   3.158   3.130   3.073   3.064   3.094   3.054   3.057
        2.5                                                             
        3                                                               
        4                                                               
        5                                                               
        6                                                               
        7                                                               
        8                                                               

1DIM CMq_vs_mach        
NX1  15     
0.1     -34.03
0.5     -39.07
0.7     -44.45
0.9     -52.19
1.1     -56.31
1.3     -54.77
1.5     -53.25
2       -49.45
2.5     -45.63
3       -41.83
4       -34.21
5       -26.60
6       -7.33
7       -4.48
8       -1.48

1DIM CNq_vs_mach        
NX1  15     
0.1     15.55 
0.5     15.55 
0.7     15.55 
0.9     15.64 
1.1     16.68 
1.3     24.97 
1.5     26.47 
2       26.47 
2.5     25.18 
3       24.03 
4       22.81 
5       21.80 
6       4.44 
7       4.44 
8       4.44

3DIM CA_off_vs_mach_alpha_alt                                                                                                                                                                                                                                                                                                                                                                                           
NX1  8  NX2  6  NX3  15                                                                                                                                                                                                                                                                                                                                                                                 
0       5000        0.1     0.389   0.366   0.364   0.325   0.549   0.825   0.783   0.659   0.574   0.513   0.428   0.394   0.367   0.343   0.321   0.398   0.373   0.368   0.326   0.549   0.825   0.783   0.659   0.575   0.515   0.430   0.396   0.368   0.344   0.322   0.413   0.383   0.377   0.334   0.556   0.830   0.788   0.664   0.579   0.519   0.433   0.399   0.370   0.346   0.324   0.432   0.395   0.389   0.343   0.564   0.837   0.795   0.669   0.584   0.523   0.437   0.402   0.373   0.349   0.326   0.484   0.429   0.420   0.368   0.585   0.856   0.812   0.685   0.598   0.536   0.448   0.411   0.381   0.356   0.333   0.565   0.479   0.465   0.404   0.616   0.883   0.838   0.707   0.618   0.554   0.463   0.425   0.393   0.367   0.343
0.1     10000       0.5     0.389   0.366   0.364   0.325   0.549   0.825   0.783   0.659   0.574   0.513   0.428   0.394   0.367   0.343   0.321   0.398   0.373   0.368   0.326   0.549   0.825   0.783   0.659   0.575   0.515   0.430   0.396   0.368   0.344   0.322   0.413   0.383   0.377   0.334   0.556   0.830   0.788   0.664   0.579   0.519   0.433   0.399   0.370   0.346   0.324   0.432   0.395   0.389   0.343   0.564   0.837   0.795   0.669   0.584   0.523   0.437   0.402   0.373   0.349   0.326   0.484   0.429   0.420   0.368   0.585   0.856   0.812   0.685   0.598   0.536   0.448   0.411   0.381   0.356   0.333   0.565   0.479   0.465   0.404   0.616   0.883   0.838   0.707   0.618   0.554   0.463   0.425   0.393   0.367   0.343
0.2     15000       0.7     0.389   0.366   0.364   0.325   0.549   0.825   0.783   0.659   0.574   0.513   0.428   0.394   0.367   0.343   0.321   0.398   0.372   0.368   0.326   0.549   0.825   0.783   0.659   0.575   0.515   0.430   0.396   0.368   0.344   0.322   0.413   0.383   0.377   0.334   0.556   0.830   0.788   0.664   0.579   0.519   0.433   0.399   0.370   0.346   0.324   0.432   0.395   0.389   0.343   0.564   0.837   0.795   0.669   0.584   0.523   0.437   0.402   0.373   0.349   0.326   0.484   0.429   0.420   0.368   0.585   0.856   0.812   0.685   0.598   0.536   0.448   0.411   0.381   0.356   0.333   0.565   0.479   0.465   0.404   0.616   0.883   0.838   0.707   0.618   0.554   0.463   0.425   0.393   0.367   0.343
0.5     20000       0.9     0.389   0.366   0.364   0.325   0.549   0.825   0.783   0.659   0.574   0.513   0.428   0.394   0.367   0.343   0.321   0.398   0.372   0.368   0.326   0.549   0.825   0.783   0.659   0.575   0.515   0.430   0.396   0.368   0.344   0.322   0.413   0.382   0.377   0.334   0.556   0.830   0.788   0.664   0.579   0.519   0.433   0.399   0.370   0.346   0.324   0.432   0.395   0.389   0.343   0.564   0.837   0.795   0.669   0.584   0.523   0.437   0.402   0.373   0.349   0.326   0.484   0.429   0.420   0.368   0.585   0.856   0.812   0.685   0.598   0.536   0.448   0.411   0.381   0.356   0.333   0.565   0.479   0.465   0.404   0.616   0.883   0.838   0.707   0.618   0.554   0.463   0.425   0.393   0.367   0.343
1       30000       1.1     0.389   0.366   0.364   0.324   0.548   0.824   0.783   0.659   0.574   0.513   0.428   0.394   0.367   0.343   0.321   0.398   0.372   0.368   0.326   0.549   0.824   0.783   0.659   0.575   0.515   0.430   0.396   0.368   0.344   0.323   0.413   0.382   0.377   0.334   0.555   0.830   0.788   0.664   0.579   0.519   0.433   0.399   0.370   0.346   0.324   0.431   0.395   0.389   0.343   0.563   0.837   0.794   0.669   0.584   0.524   0.437   0.402   0.373   0.349   0.327   0.483   0.429   0.420   0.368   0.585   0.855   0.812   0.685   0.598   0.536   0.448   0.411   0.381   0.356   0.333   0.565   0.479   0.465   0.404   0.616   0.882   0.838   0.707   0.618   0.554   0.463   0.425   0.393   0.367   0.343
2       40000       1.3     0.389   0.366   0.363   0.324   0.548   0.823   0.782   0.659   0.574   0.514   0.429   0.395   0.367   0.344   0.322   0.398   0.372   0.367   0.326   0.549   0.823   0.782   0.659   0.575   0.515   0.431   0.396   0.368   0.345   0.323   0.412   0.382   0.377   0.333   0.555   0.829   0.787   0.663   0.579   0.519   0.434   0.399   0.371   0.347   0.325   0.431   0.395   0.388   0.343   0.563   0.836   0.794   0.669   0.584   0.524   0.437   0.402   0.374   0.349   0.327   0.483   0.429   0.419   0.368   0.585   0.854   0.811   0.684   0.598   0.536   0.448   0.411   0.381   0.356   0.333   0.564   0.479   0.465   0.404   0.616   0.881   0.837   0.707   0.618   0.555   0.464   0.425   0.394   0.367   0.344
3               1.5     0.388   0.365   0.363   0.324   0.548   0.822   0.781   0.658   0.574   0.514   0.429   0.396   0.368   0.344   0.323   0.397   0.372   0.367   0.326   0.548   0.822   0.781   0.658   0.575   0.516   0.431   0.397   0.369   0.346   0.324   0.412   0.382   0.376   0.333   0.555   0.827   0.786   0.663   0.579   0.519   0.434   0.400   0.371   0.348   0.326   0.431   0.394   0.388   0.342   0.563   0.834   0.792   0.668   0.584   0.524   0.438   0.403   0.374   0.350   0.328   0.483   0.428   0.419   0.367   0.584   0.853   0.810   0.684   0.598   0.536   0.448   0.412   0.382   0.357   0.334   0.564   0.479   0.465   0.404   0.616   0.880   0.835   0.706   0.618   0.555   0.464   0.426   0.394   0.368   0.345
5               2       0.388   0.365   0.363   0.323   0.547   0.817   0.776   0.657   0.574   0.515   0.431   0.398   0.370   0.347   0.326   0.397   0.371   0.367   0.325   0.548   0.817   0.776   0.657   0.575   0.517   0.433   0.399   0.371   0.348   0.327   0.411   0.381   0.376   0.333   0.554   0.823   0.781   0.661   0.579   0.520   0.436   0.402   0.374   0.350   0.328   0.430   0.394   0.387   0.342   0.562   0.829   0.788   0.667   0.584   0.525   0.440   0.405   0.377   0.353   0.331   0.482   0.427   0.418   0.367   0.583   0.848   0.805   0.682   0.598   0.537   0.450   0.414   0.384   0.360   0.337   0.562   0.478   0.464   0.403   0.615   0.875   0.831   0.705   0.618   0.556   0.466   0.428   0.397   0.371   0.347
                2.5                                                                                                                                                                                                                                                                                                                                                                         
                3                                                                                                                                                                                                                                                                                                                                                                           
                4                                                                                                                                                                                                                                                                                                                                                                           
                5                                                                                                                                                                                                                                                                                                                                                                           
                6                                                                                                                                                                                                                                                                                                                                                                           
                7                                                                                                                                                                                                                                                                                                                                                                           
                8                                                                                                                                                                                                                                                                                                                                                                           

3DIM CA_on_vs_mach_alpha_alt                                                                                                                                                                                                                                                                                                                                                                                            
NX1  8  NX2  6  NX3  15                                                                                                                                                                                                                                                                                                                                                                                 
0       5000        0.1     0.288   0.265   0.264   0.240   0.419   0.705   0.669   0.567   0.501   0.454   0.388   0.359   0.337   0.319   0.304   0.297   0.271   0.268   0.242   0.420   0.705   0.669   0.567   0.502   0.456   0.390   0.361   0.339   0.321   0.305   0.312   0.281   0.277   0.250   0.426   0.710   0.674   0.572   0.506   0.459   0.393   0.364   0.341   0.323   0.306   0.330   0.294   0.289   0.259   0.434   0.717   0.680   0.577   0.511   0.464   0.396   0.367   0.344   0.325   0.309   0.382   0.328   0.320   0.284   0.456   0.736   0.698   0.593   0.525   0.476   0.407   0.376   0.352   0.332   0.315   0.463   0.378   0.365   0.320   0.487   0.763   0.724   0.615   0.545   0.495   0.423   0.390   0.364   0.343   0.325
0.1     10000       0.5     0.288   0.265   0.264   0.240   0.419   0.705   0.669   0.567   0.501   0.454   0.388   0.359   0.337   0.319   0.304   0.297   0.271   0.268   0.242   0.420   0.705   0.669   0.567   0.502   0.456   0.390   0.361   0.339   0.321   0.305   0.312   0.281   0.277   0.249   0.426   0.710   0.674   0.572   0.506   0.459   0.393   0.364   0.341   0.323   0.306   0.330   0.294   0.289   0.259   0.434   0.717   0.680   0.577   0.511   0.464   0.396   0.367   0.344   0.325   0.309   0.382   0.328   0.320   0.284   0.456   0.736   0.698   0.593   0.525   0.476   0.407   0.376   0.352   0.332   0.315   0.463   0.378   0.365   0.320   0.487   0.763   0.724   0.615   0.545   0.495   0.423   0.390   0.364   0.343   0.325
0.2     15000       0.7     0.288   0.265   0.264   0.240   0.419   0.705   0.669   0.567   0.501   0.454   0.388   0.359   0.337   0.319   0.304   0.297   0.271   0.268   0.242   0.420   0.705   0.669   0.567   0.502   0.456   0.390   0.361   0.339   0.321   0.305   0.312   0.281   0.277   0.249   0.426   0.710   0.674   0.572   0.506   0.459   0.393   0.364   0.341   0.323   0.306   0.330   0.294   0.289   0.259   0.434   0.717   0.680   0.577   0.511   0.464   0.396   0.367   0.344   0.325   0.309   0.382   0.328   0.320   0.284   0.456   0.736   0.698   0.593   0.525   0.476   0.407   0.376   0.352   0.332   0.315   0.463   0.378   0.365   0.320   0.487   0.763   0.724   0.615   0.545   0.495   0.423   0.390   0.364   0.343   0.325
0.5     20000       0.9     0.288   0.265   0.264   0.240   0.419   0.705   0.669   0.567   0.501   0.454   0.388   0.359   0.337   0.319   0.304   0.297   0.271   0.268   0.242   0.420   0.705   0.669   0.567   0.502   0.456   0.390   0.361   0.339   0.321   0.305   0.311   0.281   0.277   0.249   0.426   0.710   0.674   0.572   0.506   0.459   0.393   0.364   0.341   0.323   0.306   0.330   0.294   0.289   0.259   0.434   0.717   0.680   0.577   0.511   0.464   0.396   0.367   0.344   0.325   0.309   0.382   0.328   0.320   0.284   0.456   0.736   0.698   0.593   0.525   0.476   0.407   0.376   0.352   0.332   0.315   0.463   0.378   0.365   0.320   0.487   0.763   0.723   0.615   0.545   0.495   0.423   0.390   0.364   0.343   0.325
1       30000       1.1     0.288   0.265   0.264   0.240   0.419   0.704   0.668   0.567   0.501   0.454   0.388   0.360   0.337   0.320   0.304   0.297   0.271   0.268   0.242   0.419   0.704   0.668   0.567   0.502   0.456   0.390   0.361   0.339   0.321   0.305   0.311   0.281   0.277   0.249   0.426   0.710   0.674   0.571   0.506   0.459   0.393   0.364   0.341   0.323   0.307   0.330   0.294   0.289   0.259   0.434   0.717   0.680   0.577   0.511   0.464   0.396   0.367   0.344   0.325   0.309   0.382   0.328   0.320   0.284   0.455   0.735   0.698   0.592   0.525   0.476   0.407   0.376   0.352   0.332   0.315   0.463   0.378   0.365   0.320   0.487   0.762   0.723   0.615   0.545   0.495   0.423   0.390   0.364   0.343   0.325
2       40000       1.3     0.287   0.264   0.264   0.240   0.419   0.703   0.668   0.567   0.501   0.454   0.388   0.360   0.338   0.320   0.304   0.296   0.271   0.268   0.242   0.419   0.704   0.668   0.567   0.502   0.456   0.390   0.362   0.339   0.321   0.305   0.311   0.281   0.277   0.249   0.426   0.709   0.673   0.571   0.506   0.460   0.393   0.364   0.341   0.323   0.307   0.330   0.293   0.288   0.259   0.434   0.716   0.679   0.577   0.511   0.464   0.397   0.367   0.344   0.326   0.309   0.382   0.327   0.319   0.283   0.455   0.735   0.697   0.592   0.525   0.477   0.407   0.376   0.352   0.333   0.316   0.463   0.378   0.365   0.320   0.487   0.762   0.722   0.615   0.545   0.495   0.423   0.390   0.364   0.344   0.326
3               1.5     0.287   0.264   0.263   0.240   0.418   0.702   0.666   0.566   0.501   0.454   0.389   0.361   0.339   0.321   0.305   0.296   0.270   0.267   0.242   0.419   0.702   0.666   0.566   0.502   0.456   0.390   0.362   0.340   0.322   0.306   0.311   0.281   0.277   0.249   0.425   0.708   0.671   0.571   0.506   0.460   0.393   0.365   0.342   0.324   0.308   0.330   0.293   0.288   0.258   0.434   0.714   0.678   0.576   0.511   0.464   0.397   0.368   0.345   0.327   0.310   0.382   0.327   0.319   0.283   0.455   0.733   0.696   0.592   0.525   0.477   0.408   0.377   0.353   0.334   0.317   0.462   0.377   0.365   0.320   0.486   0.760   0.721   0.614   0.545   0.495   0.423   0.391   0.365   0.345   0.327
5               2       0.286   0.264   0.263   0.239   0.418   0.697   0.662   0.565   0.501   0.455   0.390   0.363   0.341   0.323   0.308   0.296   0.270   0.267   0.241   0.418   0.697   0.662   0.565   0.501   0.457   0.392   0.364   0.342   0.325   0.309   0.310   0.280   0.276   0.249   0.425   0.703   0.667   0.569   0.505   0.461   0.395   0.367   0.344   0.327   0.311   0.329   0.292   0.288   0.258   0.433   0.710   0.674   0.575   0.510   0.465   0.399   0.370   0.347   0.329   0.313   0.381   0.326   0.319   0.283   0.454   0.728   0.691   0.590   0.524   0.478   0.409   0.379   0.355   0.336   0.319   0.461   0.376   0.364   0.319   0.485   0.755   0.717   0.613   0.544   0.496   0.425   0.393   0.368   0.347   0.330
                2.5                                                                                                                                                                                                                                                                                                                                                                         
                3                                                                                                                                                                                                                                                                                                                                                                           
                4                                                                                                                                                                                                                                                                                                                                                                           
                5                                                                                                                                                                                                                                                                                                                                                                           
                6                                                                                                                                                                                                                                                                                                                                                                           
                7                                                                                                                                                                                                                                                                                                                                                                           
                8                                                                                                                                                                                                                                                                                                                                                                           
