
2DIM CN_vs_mach_alpha	
NX1 8 NX2 10  //CN_stage2 8 rows of alpha(X1) x 10 columns of Mach(X2)
0  	 0.1     0.0040137	0.0039973	0.0039973	0.0040693	0.0044417	0.0038319	0.0039218	0.0038253	0.0036615	0.0034544
0.1    0.5     0.0040137	0.0039973	0.0039973	0.0040693	0.0044417	0.0038319	0.0039218	0.0038253	0.0036615	0.0034544
0.2    0.7     0.0080702	0.0080046	0.0080046	0.0081488	0.0088977	0.0076788	0.0078585	0.0076658	0.0073383	0.0069241
0.5    0.9     0.0204964	0.0200871	0.0200879	0.0204493	0.0223538	0.0193116	0.019762	0.0192825	0.0184662	0.0174331
1      1.1     0.0420582	0.040429	0.0404352	0.0411639	0.0450877	0.0390257	0.0399331	0.0389914	0.0373761	0.0353274
2      1.3     0.0884117	0.0818944	0.0819443	0.0834435	0.0918073	0.0798098	0.081678	0.0799323	0.0768405	0.0728825
3      1.5     0.1390843	0.1244299	0.1245982	0.1269468	0.1403808	0.1226481	0.1255834	0.123309	0.1190178	0.113429 
5      2       0.2528071	0.2128386	0.2136158	0.2180468	0.2439597	0.2156504	0.2212496	0.2192884	0.2158399	0.2129093   
       2.5
       3    

2DIM CA_vs_mach_alpha      
NX1 8 NX2 10  //CA_stage2 8 rows of alpha(X1) x 10 columns of Mach(X2)
0  	 0.1	  0.2795838	0.2603982	0.2600206	0.2680745	0.4865962	0.6346297	0.579841	0.491078	0.4380598	0.3920729
0.1    0.5    0.2795633	0.2603803	0.2600039	0.2680591	0.4865819	0.6346267	0.5798385	0.4910766	0.4380595	0.3920732    
0.2    0.7    0.2795426	0.2603622	0.2599871	0.2680434	0.4865669	0.634618	0.579831	0.4910725	0.4380586	0.392074 
0.5    0.9    0.279479	0.2603067	0.2599353	0.267995	0.4865185	0.6345563	0.5797783	0.491044	0.4380525	0.3920797
1      1.1    0.2793676	0.2602102	0.2598447	0.2679093	0.4864257	0.6343362	0.5795902	0.4909418	0.4380304	0.3921002
2      1.3    0.2791242	0.2600007	0.2596467	0.2677182	0.4861935	0.6334559	0.578838	0.4905336	0.4379423	0.3921821
3      1.5    0.2788489	0.2597661	0.2594227	0.2674973	0.4858953	0.6319898	0.5775854	0.4898536	0.4377957	0.3923185
5      2      0.2781656	0.2591914	0.258867	0.2669357	0.4850684	0.6273088	0.5735857	0.4876827	0.4373276	0.3927542
       2.5  
       3    

2DIM CA-ON_vs_mach_alpha      
NX1 8 NX2 10  //CA-ON_stage2 8 rows of alpha(X1) x 10 columns of Mach(X2)
0  	 0.1	  0.2093262	0.1901406	0.190789	0.2003801	0.3824914	0.5383189	0.4880446	0.4156904	0.3780586	0.3433541
0.1    0.5    0.2093129	0.1901299	0.1907759	0.2003719	0.3824807	0.5383159	0.4880421	0.415689	0.3780583	0.3433544
0.2    0.7    0.2092994	0.1901154	0.1907663	0.2003598	0.3824729	0.5383072	0.4880346	0.4156849	0.3780574	0.3433552
0.5    0.9    0.2092574	0.1900815	0.1907325	0.2003294	0.3824389	0.5382455	0.4879819	0.4156564	0.3780513	0.3433609
1      1.1    0.209182	0.1900174	0.1906707	0.2002689	0.3823713	0.5380254	0.4877938	0.4155542	0.3780292	0.3433814
2      1.3    0.2090106	0.1898691	0.1905339	0.2001354	0.3821895	0.5371451	0.4870416	0.415146	0.3779411	0.3434633
3      1.5    0.2088109	0.1896993	0.1903675	0.1999685	0.3819417	0.535679	0.485789	0.414466	0.3777945	0.3435997
5      2      0.2082716	0.1892542	0.1899306	0.1995185	0.3812156	0.530998	0.4817893	0.4122951	0.3773264	0.3440354
       2.5  
       3              
       
2DIM CL_vs_mach_alpha      
NX1 8 NX2 10  //CL_stage2 8 rows of alpha(X1) x 10 columns of Mach(X2)
0  	 0.1	  0.00	0.00	0.00	0.00	0.00	0.00	0.00	0.00	0.00	0.00		
0.1    0.5    0.00	0.00	0.00	0.00	0.00	0.00	0.00	0.00	0.00	0.00
0.2    0.7    0.00	0.00	0.00	0.00	0.00	0.00	0.00	0.00	0.00	0.00
0.5    0.9    0.00	0.00	0.00	0.00	0.00	0.00	0.00	0.00	0.00	0.00
1      1.1    0.00	0.00	0.00	0.00	0.00	0.00	0.00	0.00	0.00	0.00
2      1.3    0.00	0.00	0.00	0.00	0.00	0.00	0.00	0.00	0.00	0.00
3      1.5    0.00	0.00	0.00	0.00	0.00	0.00	0.00	0.00	0.00	0.00
5      2      0.00	0.00	0.00	0.00	0.00	0.00	0.00	0.00	0.00	0.00
       2.5    
       3    

2DIM Xcp_vs_mach_alpha      
NX1 8 NX2 10  //Xcp_stage2 8 rows of alpha(X1) x 10 columns of Mach(X2)
0  	 0.1	3.1897337	3.1847484	3.1847506	3.1723745	3.0351713	2.7801936	2.635800	2.4700594	2.4075074	2.464430 	
0.1    0.5  3.1897337	3.1847484	3.1847506	3.1723745	3.0351713	2.7801936	2.635800	2.4700594	2.4075074	2.464430  
0.2    0.7  3.1961806	3.1862862	3.1862936	3.1739187	3.0373783	2.7833529	2.6391745	2.4738774	2.4116619	2.4687457
0.5    0.9  3.2151179	3.1909313	3.1909783	3.1786282	3.0441337	2.7930536	2.6495833	2.4857841	2.4247537	2.4824805
1      1.1  3.2453978	3.1987813	3.1989667	3.186733	3.0558243	2.8099341	2.667851	2.507080	2.448580	2.507880 
2      1.3  3.3023951	3.214870	3.2155931	3.203851	3.0807145	2.846143	2.7075481	2.5546393	2.5030494	2.5671108
3      1.5  3.3547945	3.2314394	3.2330205	3.2220938	3.107410	2.885191	2.750920	2.6079054	2.5652177	2.6356578
5      2    3.445502	3.2658458	3.2699804	3.261519	3.1652277	2.9697821	2.8460865	2.7270882	2.720470	2.8396842
       2.5  
       3  

1DIM Cmq_vs_mach      
NX1 10 //Cmq_stage2 10 rows of Mach(X1)
0.1	-48.84612575
0.5   -56.07820595
0.7   -63.79548901
0.9   -74.87522905
1.1   -81.01500264
1.3   -79.25973137
1.5   -77.54220888
2     -73.19376044
2.5   -68.86964913
3     -64.51968734

1DIM CNq_vs_mach      
NX1 10 //CNq_stage2 10 rows of Mach(X1)
0.1	18.62	
0.5   18.62
0.7   18.61
0.9   18.88
1.1   20.47
1.3   20.82
1.5   19.64
2     18.73
2.5   17.73
3     16.97

1DIM Clq_vs_mach      
NX1 10 //Clq_stage2 10 rows of Mach(X1)
0.1	0.00	
0.7   0.00
0.9   0.00
1.1   0.00
1.3   0.00
1.5   0.00
2     0.00
2.5   0.00
3     0.00
      0.00