

2DIM CN_vs_mach_alpha    
NX1 8 NX2 10  //CN_stage2 8 rows of alpha(X1) x 10 columns of Mach(X2)
0  	0.1	0.0038982	0.0038909	0.0038909	0.0038882	0.0042193	0.0041056	0.0043362	0.0043854	0.0042363	0.0039376 
0.1    0.5    0.0038982	0.0038909	0.0038909	0.0038882	0.0042193	0.0041056	0.0043362	0.0043854	0.0042363	0.0039376 
0.2    0.7    0.0078154	0.0077862	0.0077863	0.0077809	0.0084457	0.0082186	0.0086799	0.0087782	0.00848	0.0078828   
0.5    0.9    0.0196804	0.0194987	0.019499	0.0194861	0.0211675	0.0206028	0.0217563	0.0220033	0.0212592	0.0197672 
1      1.1    0.03983	0.0391066	0.0391094	0.0390863	0.0425179	0.0414011	0.043711	0.0442133	0.0427338	0.0397589   
2      1.3    0.0815078	0.0786428	0.078665	0.0786388	0.085808	0.0836413	0.0882849	0.0893565	0.0864672	0.0805892 
3      1.5    0.1249901	0.1185931	0.1186678	0.1186756	0.1299499	0.1268354	0.13386	0.1356343	0.1314745	0.122837    
5      2      0.2172801	0.1996703	0.2000153	0.20027	0.2210995	0.2165345	0.2285566	0.2324014	0.2273161	0.2161208   
       2.5
       3    

2DIM CA_vs_mach_alpha      
NX1 8 NX2 10  //CA_stage2 8 rows of alpha(X1) x 10 columns of Mach(X2)
0  	0.1	0.2452932	0.2184141	0.2131661	0.2232229	0.436834	0.6631167	0.5941458	0.5089159	0.473726	0.438579 
0.1    0.5    0.2452728	0.2183962	0.2131495	0.2232075	0.4368196	0.663114	0.5941433	0.5089141	0.4737253	0.4385788   
0.2    0.7    0.245252	0.218378	0.2131326	0.2231918	0.4368045	0.6631055	0.5941358	0.5089086	0.4737233	0.4385785
0.5    0.9    0.2451875	0.2183219	0.2130804	0.223143	0.4367549	0.6630467	0.594083	0.5088704	0.4737089	0.4385762
1      1.1    0.2450735	0.2182236	0.2129887	0.2230561	0.4366579	0.6628366	0.5938942	0.5087339	0.4736575	0.4385678
2      1.3    0.2448193	0.2180068	0.212786	0.22286	0.4364092	0.6619962	0.5931397	0.5081881	0.4734521	0.4385342  
3      1.5    0.2445268	0.2177602	0.2125545	0.2226311	0.4360841	0.6605968	0.5918831	0.5072793	0.4731099	0.4384783
5      2      0.2437967	0.2171505	0.2119776	0.2220478	0.4351762	0.6561284	0.5878707	0.5043774	0.4720174	0.4382999
       2.5  
       3    

2DIM CA-ON_vs_mach_alpha      
NX1 8 NX2 10  //CA-ON_stage2 8 rows of alpha(X1) x 10 columns of Mach(X2)
0  	0.1	  0.1959732	0.1690941	0.1645661	0.1757029	0.363754	0.5955087	0.5297058	0.4559959	0.431606	0.404379 
0.1    0.5      0.19596	0.1690834	0.1645567	0.1756911	0.3637432	0.595506	0.5297033	0.4559941	0.4316053	0.4043788  
0.2    0.7      0.1959464	0.1690688	0.1645434	0.1756826	0.3637353	0.5954975	0.5296958	0.4559886	0.4316033	0.4043785
0.5    0.9      0.1959035	0.1690343	0.1645092	0.1756518	0.3637001	0.5954387	0.529643	0.4559504	0.4315889	0.4043762
1      1.1      0.1958255	0.1689684	0.1644463	0.1755901	0.3636283	0.5952286	0.5294542	0.4558139	0.4315375	0.4043678
2      1.3      0.1956469	0.1688128	0.1643048	0.175448	0.36343	0.5943882	0.5286997	0.4552681	0.4313321	0.4043342  
3      1.5      0.1954264	0.168631	0.1641345	0.1752767	0.3631553	0.5929888	0.5274431	0.4543593	0.4309899	0.4042783
5      2        0.1948403	0.1681509	0.1636764	0.1748014	0.3623482	0.5885204	0.5234307	0.4514574	0.4298974	0.4040999
       2.5  
       3              
       
2DIM CL_vs_mach_alpha      
NX1 8 NX2 10  //CL_stage2 8 rows of alpha(X1) x 10 columns of Mach(X2)
0  	0.1	0.00	0.00	0.00	0.00	0.00	0.00	0.00	0.00	0.00	0.00		
0.1    0.5    0.00	0.00	0.00	0.00	0.00	0.00	0.00	0.00	0.00	0.00
0.2    0.7    0.00	0.00	0.00	0.00	0.00	0.00	0.00	0.00	0.00	0.00
0.5    0.9    0.00	0.00	0.00	0.00	0.00	0.00	0.00	0.00	0.00	0.00
1      1.1    0.00	0.00	0.00	0.00	0.00	0.00	0.00	0.00	0.00	0.00
2      1.3    0.00	0.00	0.00	0.00	0.00	0.00	0.00	0.00	0.00	0.00
3      1.5    0.00	0.00	0.00	0.00	0.00	0.00	0.00	0.00	0.00	0.00
5      2      0.00	0.00	0.00	0.00	0.00	0.00	0.00	0.00	0.00	0.00
       2.5    
       3    

2DIM Xcp_vs_mach_alpha      
NX1 8 NX2 10  //Xcp_stage2 8 rows of alpha(X1) x 10 columns of Mach(X2)
0  	0.1  0.8525047	0.8503119	0.8503127	0.7808921	0.4693739	1.1102751	1.1877038	1.1856438	1.1102536	1.0529209
0.1    0.5  0.8525047	0.8503119	0.8503127	0.7808921	0.4693739	1.1102751	1.1877038	1.1856438	1.1102536	1.0529209
0.2    0.7  0.8553554	0.8509871	0.8509904	0.7816178	0.4706712	1.111097	1.1884181	1.1863586	1.1110675	1.0538597
0.5    0.9  0.8638248	0.8530328	0.8530536	0.7838373	0.4746541	1.1136311	1.1906323	1.1885982	1.1136451	1.056864 
1      1.1  0.8776733	0.8565097	0.8565923	0.7876783	0.4815919	1.1180798	1.194553	1.1926433	1.1183863	1.0624835
2      1.3  0.9044188	0.863713	0.8640392	0.7958812	0.4965563	1.1277944	1.2032311	1.2018642	1.1294751	1.0759221
3      1.5  0.9301276	0.871242	0.8719665	0.8047602	0.5129066	1.1385412	1.212968	1.2125107	1.1425745	1.0920849
5      2    0.9791968	0.8872454	0.8892029	0.8244494	0.5494266	1.1628408	1.2353222	1.2376384	1.1775278	1.1444886
       2.5  
       3  

1DIM Cmq_vs_mach      
NX1 10 //Cmq_stage2 10 rows of Mach(X1)
0.1   -3.937971594
0.5   -4.52101799 
0.7   -5.14430302 
0.9   -6.03756171 
1.1   -6.363681758
1.3   -5.884740808
1.5   -5.406633545
2     -4.211261823
2.5   -3.015959812
3     -1.820903571

1DIM CNq_vs_mach      
NX1 10 //CNq_stage2 10 rows of Mach(X1)
0.1   4.495	
0.5   4.495
0.7   4.495
0.9   4.492
1.1   4.875
1.3   4.737
1.5   5.048
2     5.056
2.5   4.832
3     4.529

1DIM Clq_vs_mach      
NX1 10 //Clq_stage2 10 rows of Mach(X1)
0.1   0.0	
0.5   0.0       
0.7   0.0
0.9   0.0
1.1   0.0
1.3   0.0
1.5   0.0
2     0.0
2.5   0.0
3     0.0