1DIM ca0_vs_mach
NX1 17  // axial force coefficient; 17 rows of Mach (X1)
 0.05   0.2295
 0.30   0.2080
 0.60   0.2475
 0.80   0.4933
 0.95   0.7780
 1.05   0.9709
 1.20   1.0428
 1.60   0.6772
 2.00   0.5753
 3.00   0.4972
 4.50   0.4388
 6.00   0.3982
 9.00   0.3845
12.00   0.3748
15.00   0.3698
20.00   0.3657
25.00   0.3636

1DIM caa_vs_mach
NX1 17  // axial force derivative of alpha (per deg); 17 rows of Mach (X1)
 0.05  -0.0028
 0.30  -0.0028
 0.60  -0.0030
 0.80  -0.0041
 0.95  -0.0053
 1.05  -0.0066
 1.20  -0.0072
 1.60  -0.0077
 2.00  -0.0069
 3.00  -0.0031
 4.50  -0.0007
 6.00   0.0006
 9.00   0.0014
12.00   0.0018
15.00   0.0020
20.00   0.0023
25.00   0.0024

1DIM ca0b_vs_mach
NX1 17  // base axial force coefficient; 17 rows of Mach (X1)
 0.05  -0.0112
 0.30  -0.0112
 0.60  -0.0111
 0.80  -0.0110
 0.95  -0.0127
 1.05  -0.0172
 1.20  -0.0158
 1.60  -0.0141
 2.00  -0.0120
 3.00  -0.0078
 4.50  -0.0043
 6.00  -0.0023
 9.00  -0.0010
12.00  -0.0006
15.00  -0.0004
20.00  -0.0002
25.00  -0.0001

2DIM cn0_vs_mach_alpha
NX1 17 NX2 11  // normal force coefficient; 17 rows of Mach (X1), 11 columns of alpha (deg) (X2)
 0.05   0.00   0.0000   0.0715   0.1546   0.2488   0.3536   0.4685   0.5929   1.0162   1.3335   1.6703   2.0214
 0.30   2.00   0.0000   0.0716   0.1549   0.2499   0.3563   0.4738   0.6019   1.0457   1.3860   1.7543   2.1460
 0.60   4.00   0.0000   0.0716   0.1554   0.2514   0.3597   0.4803   0.6130   1.0815   1.4676   1.9186   2.4260
 0.80   6.00   0.0000   0.0717   0.1557   0.2524   0.3620   0.4847   0.6205   1.1290   1.5649   2.0741   2.6563
 0.95   8.00   0.0000   0.0648   0.1429   0.2349   0.3414   0.4626   0.5989   1.1487   1.6298   2.2207   2.9693
 1.05  10.00   0.0000   0.0659   0.1491   0.2507   0.3714   0.5121   0.6790   1.3685   1.9911   2.8262   3.8098
 1.20  12.00   0.0000   0.0701   0.1588   0.2674   0.3968   0.5502   0.7386   1.5109   2.2658   3.2196   4.2899
 1.60  18.00   0.0000   0.0729   0.1652   0.2788   0.4188   0.5947   0.8079   1.7719   2.6511   3.4798   4.3786
 2.00  22.00   0.0000   0.0857   0.1915   0.3203   0.4838   0.6855   0.9357   2.0180   2.7775   3.4935   4.1720
 3.00  26.00   0.0000   0.0745   0.1708   0.3014   0.4772   0.7214   1.0019   1.8234   2.4071   3.0238   3.6933
 4.50  30.00   0.0000   0.0746   0.1772   0.3294   0.5354   0.7523   0.9542   1.6729   2.2563   2.9356   3.6683
 6.00          0.0000   0.0740   0.1827   0.3478   0.5256   0.7004   0.8976   1.6365   2.2486   2.9272   3.6592
 9.00          0.0000   0.0694   0.1848   0.3169   0.4626   0.6310   0.8341   1.5855   2.1886   2.8598   3.5860
12.00          0.0000   0.0713   0.1832   0.3041   0.4508   0.6301   0.8345   1.5855   2.1885   2.8598   3.5860
15.00          0.0000   0.0737   0.1770   0.2975   0.4505   0.6297   0.8337   1.5840   2.1867   2.8575   3.5834
20.00          0.0000   0.0749   0.1720   0.2972   0.4505   0.6295   0.8334   1.5836   2.1861   2.8569   3.5827
25.00          0.0000   0.0741   0.1706   0.2972   0.4504   0.6294   0.8333   1.5833   2.1858   2.8565   3.5823

2DIM clm0_vs_mach_alpha
NX1 17 NX2 11  // pitch moment coefficient; 17 rows of Mach (X1), 11 columns of alpha (deg) (X2)
 0.05   0.00   0.0001   0.1238   0.2442   0.3605   0.4720   0.5783   0.6789   0.9418   1.0787   1.1865   1.2581
 0.30   2.00   0.0001   0.1238   0.2441   0.3602   0.4714   0.5772   0.6771   0.9362   1.0688   1.1710   1.2354
 0.60   4.00   0.0001   0.1238   0.2439   0.3597   0.4704   0.5754   0.6742   0.9282   1.0522   1.1397   1.1835
 0.80   6.00   0.0001   0.1237   0.2437   0.3592   0.4694   0.5738   0.6718   0.9179   1.0324   1.1098   1.1403
 0.95   8.00   0.0001   0.1383   0.2726   0.4022   0.5261   0.6437   0.7541   1.0276   1.1545   1.2343   1.2489
 1.05  10.00   0.0001   0.1539   0.3033   0.4470   0.5841   0.7136   0.8336   1.1241   1.2504   1.3068   1.2960
 1.20  12.00   0.0001   0.1703   0.3358   0.4954   0.6480   0.7920   0.9246   1.2459   1.3757   1.4325   1.4236
 1.60  18.00   0.0001   0.1460   0.2873   0.4229   0.5510   0.6692   0.7765   1.0071   1.0835   1.1335   1.1311
 2.00  22.00   0.0001   0.1677   0.3306   0.4871   0.6344   0.7708   0.8936   1.1641   1.2952   1.3931   1.4512
 3.00  26.00   0.0001   0.1368   0.2689   0.3932   0.5071   0.6057   0.6936   0.9286   1.0447   1.1219   1.1527
 4.50  30.00   0.0001   0.1382   0.2706   0.3924   0.5022   0.6066   0.7094   0.9642   1.0809   1.1470   1.1662
 6.00          0.0001   0.1445   0.2818   0.4073   0.5277   0.6448   0.7533   1.0172   1.1349   1.2070   1.2314
 9.00          0.0001   0.1573   0.3051   0.4480   0.5849   0.7136   0.8311   1.1190   1.2549   1.3417   1.3772
12.00          0.0001   0.1570   0.3058   0.4505   0.5872   0.7136   0.8304   1.1201   1.2561   1.3430   1.3785
15.00          0.0001   0.1570   0.3075   0.4527   0.5887   0.7158   0.8340   1.1262   1.2639   1.3521   1.3890
20.00          0.0001   0.1569   0.3086   0.4529   0.5890   0.7167   0.8350   1.1279   1.2660   1.3546   1.3918
25.00          0.0001   0.1571   0.3089   0.4530   0.5894   0.7172   0.8356   1.1289   1.2672   1.3560   1.3934

1DIM clmq_vs_mach
NX1 17  // pitch moment damping derivative of q (per rad); 17 rows of Mach (X1)
 0.05   -0.2197
 0.30   -0.2393
 0.60   -0.3060
 0.80   -0.3852
 0.95   -0.4630
 1.05   -0.5286
 1.20   -0.6539
 1.60   -0.5159
 2.00   -0.6069
 3.00   -0.5283
 4.50   -0.5287
 6.00   -0.5237
 9.00   -0.4876
12.00   -0.5019
15.00   -0.5193
20.00   -0.5285
25.00   -0.5225