1DIM ca0_vs_mach
NX1 17  // axial force coefficient; 17 rows of Mach (X1)
 0.05   0.1664
 0.30   0.1491
 0.60   0.1926
 0.80   0.4293
 0.95   0.6965
 1.05   0.8649
 1.20   0.9392
 1.60   0.4750
 2.00   0.5044
 3.00   0.4406
 4.50   0.4048
 6.00   0.3768
 9.00   0.3724
12.00   0.3666
15.00   0.3638
20.00   0.3616
25.00   0.3605

1DIM caa_vs_mach
NX1 17  // axial force derivative of alpha (per deg); 17 rows of Mach (X1)
 0.05  -0.0016
 0.30  -0.0015
 0.60  -0.0017
 0.80  -0.0027
 0.95  -0.0037
 1.05  -0.0046
 1.20  -0.0049
 1.60  -0.0042
 2.00  -0.0055
 3.00  -0.0036
 4.50  -0.0022
 6.00  -0.0012
 9.00  -0.0007
12.00  -0.0005
15.00  -0.0004
20.00  -0.0003
25.00  -0.0002

1DIM ca0b_vs_mach
NX1 17  // base axial force coefficient; 17 rows of Mach (X1)
 0.05  -0.0025
 0.30  -0.0025
 0.60  -0.0024
 0.80  -0.0024
 0.95  -0.0028
 1.05  -0.0038
 1.20  -0.0035
 1.60  -0.0031
 2.00  -0.0026
 3.00  -0.0017
 4.50  -0.0009
 6.00  -0.0005
 9.00  -0.0002
12.00  -0.0001
15.00  -0.0001
20.00   0.0000
25.00   0.0000

2DIM cn0_vs_mach_alpha
NX1 17 NX2 11  // normal force coefficient; 17 rows of Mach (X1), 11 columns of alpha (deg) (X2)
 0.05   0.00   0.0000   0.0508   0.1039   0.1590   0.2158   0.2741   0.3333   0.5135   0.6329   0.7473   0.8558
 0.30   2.00   0.0000   0.0508   0.1039   0.1592   0.2164   0.2752   0.3352   0.5197   0.6439   0.7649   0.8818
 0.60   4.00   0.0000   0.0508   0.1041   0.1596   0.2172   0.2767   0.3377   0.5276   0.6614   0.7996   0.9406
 0.80   6.00   0.0000   0.0508   0.1042   0.1599   0.2179   0.2778   0.3396   0.5379   0.6823   0.8325   0.9890
 0.95   8.00   0.0000   0.0424   0.0876   0.1356   0.1864   0.2397   0.2954   0.4863   0.6316   0.7925   0.9800
 1.05  10.00   0.0000   0.0483   0.1004   0.1565   0.2166   0.2805   0.3495   0.5926   0.7844   1.0166   1.2746
 1.20  12.00   0.0000   0.0455   0.0953   0.1494   0.2079   0.2714   0.3422   0.5962   0.8146   1.0722   1.3496
 1.60  18.00   0.0000   0.0466   0.0976   0.1533   0.2147   0.2837   0.3606   0.6602   0.9081   1.1377   1.3765
 2.00  22.00   0.0000   0.0482   0.1010   0.1589   0.2244   0.2981   0.3824   0.7060   0.9243   1.1263   1.3129
 3.00  26.00   0.0000   0.0378   0.0806   0.1312   0.1919   0.2681   0.3521   0.5950   0.7605   0.9292   1.1052
 4.50  30.00   0.0000   0.0346   0.0756   0.1280   0.1926   0.2594   0.3222   0.5332   0.6943   0.8740   1.0620
 6.00          0.0000   0.0353   0.0786   0.1349   0.1939   0.2518   0.3145   0.5331   0.7029   0.8839   1.0728
 9.00          0.0000   0.0365   0.0836   0.1345   0.1883   0.2470   0.3134   0.5416   0.7127   0.8951   1.0853
12.00          0.0000   0.0369   0.0832   0.1315   0.1856   0.2470   0.3137   0.5415   0.7126   0.8950   1.0852
15.00          0.0000   0.0374   0.0816   0.1296   0.1849   0.2460   0.3122   0.5388   0.7091   0.8908   1.0803
20.00          0.0000   0.0377   0.0804   0.1296   0.1850   0.2459   0.3122   0.5387   0.7090   0.8907   1.0802
25.00          0.0000   0.0375   0.0801   0.1296   0.1850   0.2459   0.3121   0.5387   0.7090   0.8907   1.0802

2DIM clm0_vs_mach_alpha
NX1 17 NX2 11  // pitch moment coefficient; 17 rows of Mach (X1), 11 columns of alpha (deg) (X2)
 0.05   0.00   0.0000   0.0178   0.0350   0.0515   0.0673   0.0826   0.0975   0.1416   0.1679   0.2003   0.2303
 0.30   2.00   0.0000   0.0178   0.0349   0.0514   0.0672   0.0825   0.0975   0.1422   0.1694   0.2033   0.2351
 0.60   4.00   0.0000   0.0178   0.0347   0.0510   0.0666   0.0816   0.0963   0.1408   0.1692   0.2068   0.2442
 0.80   6.00   0.0000   0.0177   0.0345   0.0504   0.0656   0.0802   0.0946   0.1395   0.1690   0.2098   0.2507
 0.95   8.00   0.0000   0.0597   0.1185   0.1762   0.2327   0.2878   0.3417   0.4981   0.5937   0.6921   0.7845
 1.05  10.00   0.0000   0.0806   0.1607   0.2400   0.3182   0.3951   0.4710   0.6921   0.8297   0.9698   1.0990
 1.20  12.00   0.0000   0.0968   0.1933   0.2893   0.3844   0.4784   0.5715   0.8424   1.0148   1.1824   1.3336
 1.60  18.00   0.0000   0.0295   0.0594   0.0898   0.1211   0.1540   0.1884   0.3061   0.3934   0.4722   0.5469
 2.00  22.00   0.0000   0.0334   0.0671   0.1015   0.1374   0.1748   0.2144   0.3467   0.4297   0.5027   0.5645
 3.00  26.00   0.0000   0.0328   0.0667   0.1023   0.1400   0.1812   0.2237   0.3446   0.4212   0.4934   0.5614
 4.50  30.00   0.0000   0.0315   0.0643   0.0996   0.1375   0.1754   0.2115   0.3198   0.3915   0.4622   0.5287
 6.00          0.0000   0.0327   0.0670   0.1039   0.1409   0.1765   0.2122   0.3193   0.3890   0.4578   0.5237
 9.00          0.0000   0.0341   0.0700   0.1062   0.1417   0.1769   0.2126   0.3168   0.3869   0.4545   0.5185
12.00          0.0000   0.0343   0.0704   0.1056   0.1408   0.1761   0.2108   0.3178   0.3880   0.4557   0.5197
15.00          0.0000   0.0351   0.0714   0.1078   0.1449   0.1821   0.2202   0.3346   0.4095   0.4816   0.5496
20.00          0.0000   0.0353   0.0712   0.1078   0.1447   0.1825   0.2206   0.3352   0.4101   0.4823   0.5502
25.00          0.0000   0.0353   0.0711   0.1076   0.1450   0.1828   0.2209   0.3356   0.4105   0.4827   0.5507

1DIM clmq_vs_mach
NX1 17  // pitch moment damping derivative of q (per rad); 17 rows of Mach (X1)
 0.05   -0.0353
 0.30   -0.0372
 0.60   -0.0441
 0.80   -0.0525
 0.95   -0.0629
 1.05   -0.0684
 1.20   -0.0809
 1.60   -0.0438
 2.00   -0.0400
 3.00   -0.0321
 4.50   -0.0295
 6.00   -0.0322
 9.00   -0.0379
12.00   -0.0389
15.00   -0.0293
20.00   -0.0291
25.00   -0.0287