2DIM  CN_vs_mach_alpha                                                                                                                                          
NX1  8  NX2  15                                                                                                                                 
0               0.1             0.004   0.004   0.004   0.004   0.004   0.005   0.005   0.004   0.004   0.004   0.004   0.004   0.003   0.003   0.003
0.1             0.5             0.004   0.004   0.004   0.004   0.004   0.005   0.005   0.004   0.004   0.004   0.004   0.004   0.003   0.003   0.003
0.2             0.7             0.007   0.007   0.007   0.007   0.008   0.009   0.009   0.009   0.009   0.008   0.008   0.008   0.007   0.007   0.007
0.5             0.9             0.019   0.019   0.019   0.019   0.020   0.023   0.024   0.022   0.021   0.021   0.020   0.019   0.018   0.017   0.017
1               1.1             0.038   0.037   0.037   0.038   0.040   0.047   0.047   0.045   0.043   0.041   0.040   0.039   0.035   0.035   0.035
2               1.3             0.079   0.075   0.075   0.076   0.081   0.094   0.096   0.091   0.087   0.084   0.082   0.079   0.073   0.072   0.072
3               1.5             0.121   0.114   0.114   0.114   0.123   0.143   0.145   0.138   0.133   0.128   0.126   0.123   0.114   0.114   0.116
5               2               0.212   0.192   0.192   0.194   0.210   0.243   0.248   0.237   0.230   0.226   0.229   0.230   0.223   0.223   0.223
                2.5                                                                                                                             
                3                                                                                                                               
                4                                                                                                                               
                5                                                                                                                               
                6                                                                                                                               
                7                                                                                                                               
                8                                                                                                                               

2DIM  Xcp_vs_mach_alpha                                                                                                                                         
NX1  8  NX2  15                                                                                                                                 
0               0.1             1.864   1.862   1.862   1.799   1.614   2.140   2.114   2.090   2.054   2.058   2.053   1.997   1.913   1.934   1.935
0.1             0.5             1.864   1.862   1.862   1.799   1.614   2.140   2.114   2.090   2.054   2.058   2.053   1.997   1.913   1.934   1.935
0.2             0.7             1.866   1.862   1.862   1.800   1.615   2.141   2.114   2.090   2.054   2.059   2.054   1.998   1.914   1.935   1.935
0.5             0.9             1.872   1.864   1.864   1.801   1.618   2.142   2.116   2.091   2.056   2.061   2.056   2.000   1.917   1.938   1.938
1               1.1             1.882   1.866   1.867   1.804   1.623   2.144   2.118   2.094   2.059   2.064   2.059   2.004   1.922   1.944   1.945
2               1.3             1.901   1.872   1.872   1.810   1.634   2.148   2.123   2.100   2.066   2.071   2.068   2.015   1.938   1.963   1.968
3               1.5             1.920   1.877   1.878   1.817   1.645   2.153   2.128   2.106   2.074   2.080   2.079   2.035   1.969   1.998   2.009
5               2               1.954   1.889   1.890   1.831   1.671   2.165   2.141   2.122   2.095   2.110   2.123   2.097   2.058   2.086   2.086
                2.5                                                                                                                             
                3                                                                                                                               
                4                                                                                                                               
                5                                                                                                                               
                6                                                                                                                               
                7                                                                                                                               
                8                                                                                                                               

1DIM CMq_vs_mach                
NX1  15         
0.1             -15.125
0.5             -17.364
0.7             -19.758
0.9             -23.190
1.1             -24.498
1.3             -22.784
1.5             -21.068
2               -16.771
2.5             -12.481
3               -8.189
4               0.396
5               8.981
6               8.898
7               8.604
8               8.111

1DIM CNq_vs_mach                
NX1  15         
0.1             9.781
0.5             9.781
0.7             9.781
0.9             9.826
1.1             10.42
1.3             12.16
1.5             12.36
2               11.7
2.5             11.21
3               10.75
4               10.49
5               10.07
6               3.964
7               3.964
8               3.964

3DIM CA_off_vs_mach_alpha_alt                                                                                                                                                                                                                                                                                                                                                                                                                                                                                                                                                                                                                                                                                                                                                                                   
NX1  8  NX2  6  NX3  15                                                                                                                                                                                                                                                                                                                                                                                                                                                                                                                                                                                                                                                                                                                                                                 
0               5000            0.1             0.371   0.350   0.352   0.318   0.543   0.760   0.727   0.616   0.545   0.488   0.416   0.389   0.365   0.344   0.325   0.380   0.356   0.356   0.320   0.544   0.760   0.727   0.616   0.545   0.489   0.417   0.390   0.366   0.345   0.326   0.393   0.365   0.364   0.327   0.549   0.764   0.731   0.619   0.548   0.492   0.419   0.391   0.368   0.347   0.327   0.410   0.377   0.375   0.335   0.555   0.769   0.735   0.622   0.552   0.495   0.421   0.394   0.370   0.348   0.328   0.459   0.408   0.403   0.358   0.573   0.781   0.747   0.633   0.561   0.503   0.429   0.400   0.375   0.353   0.333   0.536   0.455   0.445   0.392   0.598   0.799   0.764   0.648   0.575   0.516   0.439   0.409   0.384   0.361   0.340
0.1             10000           0.5             0.371   0.350   0.352   0.318   0.543   0.760   0.727   0.616   0.545   0.488   0.416   0.389   0.365   0.344   0.325   0.380   0.356   0.356   0.320   0.544   0.760   0.727   0.616   0.545   0.489   0.417   0.390   0.366   0.345   0.326   0.393   0.365   0.364   0.327   0.549   0.764   0.731   0.619   0.548   0.492   0.419   0.391   0.368   0.347   0.327   0.410   0.377   0.374   0.335   0.555   0.769   0.735   0.622   0.552   0.495   0.421   0.394   0.370   0.348   0.328   0.459   0.408   0.403   0.358   0.573   0.781   0.747   0.633   0.561   0.503   0.429   0.400   0.375   0.353   0.333   0.536   0.455   0.445   0.392   0.598   0.799   0.764   0.648   0.575   0.516   0.439   0.409   0.384   0.361   0.340
0.2             15000           0.7             0.371   0.350   0.352   0.318   0.543   0.760   0.727   0.616   0.545   0.488   0.416   0.389   0.365   0.344   0.325   0.379   0.356   0.356   0.320   0.544   0.760   0.727   0.616   0.545   0.489   0.417   0.390   0.366   0.345   0.326   0.393   0.365   0.364   0.327   0.549   0.764   0.731   0.619   0.548   0.492   0.419   0.391   0.368   0.347   0.327   0.410   0.377   0.374   0.335   0.555   0.769   0.735   0.622   0.552   0.495   0.421   0.394   0.370   0.348   0.328   0.459   0.408   0.403   0.358   0.573   0.781   0.747   0.633   0.561   0.503   0.429   0.400   0.375   0.353   0.333   0.536   0.455   0.445   0.392   0.598   0.799   0.764   0.648   0.575   0.516   0.439   0.409   0.384   0.361   0.340
0.5             20000           0.9             0.371   0.350   0.352   0.318   0.543   0.760   0.727   0.616   0.545   0.488   0.416   0.389   0.365   0.345   0.325   0.379   0.356   0.355   0.320   0.544   0.760   0.727   0.616   0.545   0.489   0.417   0.390   0.366   0.345   0.326   0.393   0.365   0.364   0.327   0.549   0.764   0.730   0.619   0.548   0.492   0.419   0.391   0.368   0.347   0.327   0.410   0.377   0.374   0.335   0.555   0.769   0.735   0.622   0.552   0.495   0.421   0.394   0.370   0.348   0.328   0.459   0.408   0.403   0.358   0.573   0.781   0.747   0.633   0.561   0.503   0.429   0.400   0.375   0.353   0.333   0.535   0.455   0.445   0.392   0.598   0.799   0.764   0.648   0.575   0.516   0.439   0.409   0.384   0.361   0.340
1               30000           1.1             0.371   0.350   0.352   0.318   0.543   0.760   0.727   0.616   0.545   0.488   0.416   0.389   0.365   0.345   0.325   0.379   0.356   0.355   0.320   0.544   0.760   0.727   0.616   0.545   0.489   0.417   0.390   0.366   0.345   0.326   0.393   0.365   0.364   0.326   0.549   0.764   0.730   0.619   0.548   0.492   0.419   0.391   0.368   0.347   0.327   0.410   0.377   0.374   0.335   0.555   0.768   0.735   0.622   0.552   0.495   0.422   0.394   0.370   0.348   0.329   0.459   0.408   0.403   0.358   0.572   0.781   0.746   0.633   0.561   0.503   0.429   0.400   0.375   0.353   0.333   0.535   0.455   0.445   0.392   0.598   0.799   0.764   0.648   0.575   0.516   0.439   0.409   0.384   0.361   0.340
2               40000           1.3             0.371   0.350   0.352   0.318   0.543   0.759   0.726   0.615   0.545   0.488   0.416   0.389   0.366   0.345   0.326   0.379   0.356   0.355   0.320   0.543   0.759   0.726   0.615   0.545   0.490   0.417   0.390   0.367   0.346   0.326   0.392   0.365   0.364   0.326   0.548   0.763   0.729   0.618   0.548   0.492   0.419   0.392   0.368   0.347   0.327   0.410   0.376   0.374   0.335   0.555   0.767   0.734   0.622   0.552   0.495   0.422   0.394   0.370   0.349   0.329   0.458   0.408   0.403   0.358   0.572   0.780   0.746   0.632   0.561   0.504   0.429   0.400   0.376   0.354   0.333   0.535   0.454   0.445   0.391   0.598   0.798   0.763   0.648   0.575   0.516   0.440   0.410   0.384   0.361   0.341
3                               1.5             0.370   0.350   0.351   0.318   0.543   0.758   0.725   0.615   0.545   0.489   0.416   0.389   0.366   0.346   0.326   0.379   0.355   0.355   0.319   0.543   0.758   0.725   0.615   0.545   0.490   0.418   0.391   0.367   0.346   0.327   0.392   0.364   0.363   0.326   0.548   0.761   0.728   0.618   0.548   0.492   0.420   0.392   0.369   0.348   0.328   0.409   0.376   0.374   0.334   0.555   0.766   0.732   0.622   0.552   0.495   0.422   0.394   0.371   0.349   0.330   0.458   0.407   0.402   0.357   0.572   0.778   0.744   0.632   0.561   0.504   0.429   0.401   0.376   0.354   0.334   0.534   0.454   0.445   0.391   0.597   0.797   0.762   0.647   0.575   0.516   0.440   0.410   0.385   0.362   0.341
5                               2               0.370   0.349   0.351   0.317   0.542   0.753   0.720   0.613   0.545   0.490   0.418   0.391   0.368   0.348   0.329   0.378   0.355   0.354   0.319   0.542   0.753   0.720   0.613   0.545   0.491   0.419   0.392   0.369   0.349   0.329   0.391   0.364   0.363   0.325   0.547   0.757   0.724   0.616   0.548   0.493   0.421   0.394   0.371   0.350   0.330   0.408   0.375   0.373   0.334   0.554   0.761   0.728   0.620   0.552   0.496   0.424   0.396   0.373   0.352   0.332   0.457   0.406   0.401   0.357   0.571   0.774   0.740   0.630   0.561   0.505   0.431   0.402   0.378   0.356   0.336   0.533   0.453   0.444   0.390   0.596   0.792   0.757   0.646   0.575   0.517   0.442   0.412   0.387   0.364   0.344
                                2.5                                                                                                                                                                                                                                                                                                                                                                                                                                                                                                                                                                                                                                                                                                                                                     
                                3                                                                                                                                                                                                                                                                                                                                                                                                                                                                                                                                                                                                                                                                                                                                                       
                                4                                                                                                                                                                                                                                                                                                                                                                                                                                                                                                                                                                                                                                                                                                                                                       
                                5                                                                                                                                                                                                                                                                                                                                                                                                                                                                                                                                                                                                                                                                                                                                                       
                                6                                                                                                                                                                                                                                                                                                                                                                                                                                                                                                                                                                                                                                                                                                                                                       
                                7                                                                                                                                                                                                                                                                                                                                                                                                                                                                                                                                                                                                                                                                                                                                                       
                                8                                                                                                                                                                                                                                                                                                                                                                                                                                                                                                                                                                                                                                                                                                                                                       

3DIM CA_on_vs_mach_alpha_alt                                                                                                                                                                                                                                                                                                                                                                                                                                                                                                                                                                                                                                                                                                                                                                                    
NX1  8  NX2  6  NX3  15                                                                                                                                                                                                                                                                                                                                                                                                                                                                                                                                                                                                                                                                                                                                                                 
0               5000            0.1             0.270   0.249   0.252   0.234   0.414   0.641   0.613   0.524   0.472   0.429   0.375   0.354   0.336   0.321   0.307   0.278   0.255   0.256   0.236   0.414   0.641   0.613   0.524   0.472   0.430   0.376   0.355   0.337   0.322   0.308   0.292   0.264   0.264   0.242   0.419   0.644   0.616   0.527   0.475   0.432   0.378   0.356   0.339   0.323   0.309   0.309   0.275   0.275   0.251   0.426   0.649   0.621   0.530   0.478   0.435   0.381   0.359   0.340   0.325   0.311   0.357   0.307   0.303   0.274   0.443   0.661   0.632   0.541   0.488   0.444   0.388   0.365   0.346   0.330   0.315   0.434   0.353   0.345   0.308   0.469   0.680   0.650   0.556   0.501   0.456   0.399   0.374   0.354   0.337   0.322
0.1             10000           0.5             0.270   0.249   0.252   0.234   0.414   0.641   0.613   0.524   0.472   0.429   0.375   0.354   0.336   0.321   0.307   0.278   0.255   0.256   0.236   0.414   0.641   0.613   0.524   0.472   0.430   0.376   0.355   0.337   0.322   0.308   0.292   0.264   0.264   0.242   0.419   0.644   0.616   0.527   0.475   0.432   0.378   0.356   0.339   0.323   0.309   0.309   0.275   0.274   0.251   0.426   0.649   0.621   0.530   0.478   0.435   0.381   0.359   0.340   0.325   0.311   0.357   0.307   0.303   0.274   0.443   0.661   0.632   0.541   0.488   0.444   0.388   0.365   0.346   0.330   0.315   0.434   0.353   0.345   0.308   0.469   0.680   0.650   0.556   0.501   0.456   0.399   0.374   0.354   0.337   0.322
0.2             15000           0.7             0.270   0.249   0.252   0.234   0.414   0.641   0.613   0.524   0.472   0.429   0.375   0.354   0.336   0.321   0.307   0.278   0.255   0.256   0.236   0.414   0.641   0.613   0.524   0.472   0.430   0.376   0.355   0.337   0.322   0.308   0.292   0.264   0.264   0.242   0.419   0.644   0.616   0.527   0.475   0.432   0.378   0.356   0.339   0.323   0.309   0.309   0.275   0.274   0.251   0.426   0.649   0.621   0.530   0.478   0.435   0.381   0.359   0.340   0.325   0.311   0.357   0.307   0.303   0.274   0.443   0.661   0.632   0.541   0.488   0.444   0.388   0.365   0.346   0.330   0.315   0.434   0.353   0.345   0.308   0.469   0.680   0.650   0.556   0.501   0.456   0.399   0.374   0.354   0.337   0.322
0.5             20000           0.9             0.270   0.249   0.252   0.234   0.414   0.640   0.613   0.524   0.472   0.429   0.375   0.354   0.336   0.321   0.307   0.278   0.255   0.255   0.236   0.414   0.640   0.613   0.524   0.472   0.430   0.376   0.355   0.337   0.322   0.308   0.291   0.264   0.264   0.242   0.419   0.644   0.616   0.527   0.475   0.432   0.378   0.356   0.339   0.323   0.309   0.309   0.275   0.274   0.251   0.426   0.649   0.621   0.530   0.478   0.435   0.381   0.359   0.340   0.325   0.311   0.357   0.306   0.303   0.274   0.443   0.661   0.632   0.541   0.488   0.444   0.388   0.365   0.346   0.330   0.315   0.434   0.353   0.345   0.307   0.469   0.680   0.650   0.556   0.501   0.456   0.399   0.374   0.354   0.337   0.322
1               30000           1.1             0.270   0.249   0.252   0.234   0.414   0.640   0.613   0.524   0.472   0.429   0.375   0.354   0.336   0.321   0.307   0.278   0.254   0.255   0.235   0.414   0.640   0.613   0.524   0.472   0.430   0.376   0.355   0.337   0.322   0.308   0.291   0.264   0.264   0.242   0.419   0.644   0.616   0.527   0.475   0.432   0.378   0.357   0.339   0.323   0.309   0.309   0.275   0.274   0.251   0.426   0.648   0.620   0.530   0.478   0.435   0.381   0.359   0.341   0.325   0.311   0.357   0.306   0.303   0.274   0.443   0.661   0.632   0.541   0.488   0.444   0.388   0.365   0.346   0.330   0.315   0.434   0.353   0.345   0.307   0.468   0.679   0.650   0.556   0.501   0.456   0.399   0.374   0.354   0.338   0.322
2               40000           1.3             0.269   0.249   0.252   0.234   0.413   0.639   0.612   0.523   0.472   0.429   0.375   0.354   0.337   0.322   0.308   0.278   0.254   0.255   0.235   0.414   0.639   0.612   0.523   0.472   0.430   0.377   0.355   0.338   0.322   0.309   0.291   0.263   0.264   0.242   0.419   0.643   0.615   0.526   0.475   0.433   0.379   0.357   0.339   0.324   0.310   0.308   0.275   0.274   0.251   0.425   0.648   0.620   0.530   0.478   0.436   0.381   0.359   0.341   0.325   0.311   0.357   0.306   0.303   0.273   0.443   0.660   0.631   0.540   0.488   0.444   0.388   0.365   0.346   0.330   0.316   0.434   0.353   0.345   0.307   0.468   0.678   0.649   0.556   0.501   0.457   0.399   0.375   0.355   0.338   0.323
3                               1.5             0.269   0.248   0.252   0.234   0.413   0.638   0.610   0.523   0.472   0.429   0.376   0.355   0.337   0.322   0.309   0.277   0.254   0.255   0.235   0.414   0.638   0.610   0.523   0.472   0.430   0.377   0.356   0.338   0.323   0.309   0.291   0.263   0.263   0.242   0.419   0.641   0.614   0.526   0.475   0.433   0.379   0.357   0.340   0.324   0.310   0.308   0.275   0.274   0.250   0.425   0.646   0.618   0.530   0.478   0.436   0.382   0.360   0.342   0.326   0.312   0.357   0.306   0.302   0.273   0.442   0.659   0.630   0.540   0.488   0.444   0.389   0.366   0.347   0.331   0.316   0.433   0.353   0.345   0.307   0.468   0.677   0.647   0.555   0.501   0.457   0.400   0.375   0.355   0.339   0.324
5                               2               0.269   0.248   0.251   0.233   0.413   0.633   0.606   0.521   0.472   0.430   0.377   0.356   0.339   0.324   0.311   0.277   0.254   0.255   0.235   0.413   0.633   0.606   0.521   0.472   0.431   0.379   0.357   0.340   0.325   0.312   0.290   0.263   0.263   0.241   0.418   0.637   0.609   0.524   0.475   0.434   0.381   0.359   0.342   0.326   0.313   0.307   0.274   0.273   0.250   0.424   0.641   0.614   0.528   0.478   0.437   0.383   0.361   0.343   0.328   0.314   0.356   0.305   0.302   0.273   0.442   0.654   0.626   0.538   0.488   0.445   0.390   0.367   0.349   0.333   0.319   0.432   0.352   0.344   0.306   0.467   0.672   0.643   0.553   0.501   0.458   0.401   0.377   0.357   0.341   0.326
                                2.5                                                                                                                                                                                                                                                                                                                                                                                                                                                                                                                                                                                                                                                                                                                                                     
                                3                                                                                                                                                                                                                                                                                                                                                                                                                                                                                                                                                                                                                                                                                                                                                       
                                4                                                                                                                                                                                                                                                                                                                                                                                                                                                                                                                                                                                                                                                                                                                                                       
                                5                                                                                                                                                                                                                                                                                                                                                                                                                                                                                                                                                                                                                                                                                                                                                       
                                6                                                                                                                                                                                                                                                                                                                                                                                                                                                                                                                                                                                                                                                                                                                                                       
                                7                                                                                                                                                                                                                                                                                                                                                                                                                                                                                                                                                                                                                                                                                                                                                       
                                8                                                                                                                                                                                                                                                                                                                                                                                                                                                                                                                                                                                                                                                                                                                                                 