1DIM ca0_vs_mach
NX1 17  // axial force coefficient; 17 rows of Mach (X1)
 0.05   0.1467
 0.30   0.1335
 0.60   0.1755
 0.80   0.4211
 0.95   0.6976
 1.05   0.8713
 1.20   0.9491
 1.60   0.5128
 2.00   0.5147
 3.00   0.4471
 4.50   0.4090
 6.00   0.3800
 9.00   0.3745
12.00   0.3682
15.00   0.3651
20.00   0.3625
25.00   0.3612

1DIM caa_vs_mach
NX1 17  // axial force derivative of alpha (per deg); 17 rows of Mach (X1)
 0.05  -0.0018
 0.30  -0.0018
 0.60  -0.0020
 0.80  -0.0030
 0.95  -0.0040
 1.05  -0.0050
 1.20  -0.0054
 1.60  -0.0056
 2.00  -0.0054
 3.00  -0.0036
 4.50  -0.0021
 6.00  -0.0012
 9.00  -0.0008
12.00  -0.0005
15.00  -0.0004
20.00  -0.0003
25.00  -0.0002

1DIM ca0b_vs_mach
NX1 17  // base axial force coefficient; 17 rows of Mach (X1)
 0.05  -0.0062
 0.30  -0.0062
 0.60  -0.0061
 0.80  -0.0061
 0.95  -0.0070
 1.05  -0.0095
 1.20  -0.0087
 1.60  -0.0078
 2.00  -0.0066
 3.00  -0.0043
 4.50  -0.0024
 6.00  -0.0013
 9.00  -0.0006
12.00  -0.0003
15.00  -0.0002
20.00  -0.0001
25.00  -0.0001

2DIM cn0_vs_mach_alpha
NX1 17 NX2 11  // normal force coefficient; 17 rows of Mach (X1), 11 columns of alpha (deg) (X2)
 0.05   0.00   0.0000   0.0584   0.1213   0.1884   0.2594   0.3338   0.4111   0.6565   0.8275   0.9987   1.1683
 0.30   2.00   0.0000   0.0584   0.1215   0.1889   0.2605   0.3359   0.4147   0.6684   0.8485   1.0323   1.2181
 0.60   4.00   0.0000   0.0584   0.1217   0.1895   0.2619   0.3386   0.4193   0.6830   0.8815   1.0983   1.3302
 0.80   6.00   0.0000   0.0585   0.1218   0.1900   0.2630   0.3405   0.4225   0.7023   0.9208   1.1608   1.4225
 0.95   8.00   0.0000   0.0506   0.1066   0.1680   0.2350   0.3074   0.3852   0.6702   0.9010   1.1697   1.4959
 1.05  10.00   0.0000   0.0544   0.1160   0.1850   0.2618   0.3464   0.4412   0.7991   1.1001   1.4837   1.9230
 1.20  12.00   0.0000   0.0544   0.1166   0.1869   0.2658   0.3542   0.4567   0.8465   1.2022   1.6361   2.1133
 1.60  18.00   0.0000   0.0373   0.0828   0.1373   0.2029   0.2835   0.3798   0.8046   1.1865   1.5455   1.9329
 2.00  22.00   0.0000   0.0542   0.1169   0.1891   0.2758   0.3783   0.5007   1.0047   1.3527   1.6785   1.9842
 3.00  26.00   0.0000   0.0398   0.0887   0.1521   0.2344   0.3456   0.4719   0.8405   1.0996   1.3709   1.6625
 4.50  30.00   0.0000   0.0365   0.0849   0.1543   0.2463   0.3429   0.4330   0.7501   1.0046   1.2988   1.6143
 6.00          0.0000   0.0373   0.0893   0.1652   0.2464   0.3262   0.4153   0.7442   1.0129   1.3083   1.6248
 9.00          0.0000   0.0388   0.0971   0.1623   0.2334   0.3138   0.4088   0.7523   1.0223   1.3191   1.6368
12.00          0.0000   0.0396   0.0964   0.1569   0.2284   0.3135   0.4092   0.7522   1.0222   1.3190   1.6367
15.00          0.0000   0.0405   0.0936   0.1539   0.2279   0.3129   0.4081   0.7503   1.0197   1.3159   1.6332
20.00          0.0000   0.0410   0.0915   0.1538   0.2279   0.3128   0.4079   0.7500   1.0194   1.3156   1.6328
25.00          0.0000   0.0407   0.0909   0.1538   0.2279   0.3127   0.4078   0.7498   1.0192   1.3153   1.6325

2DIM clm0_vs_mach_alpha
NX1 17 NX2 11  // pitch moment coefficient; 17 rows of Mach (X1), 11 columns of alpha (deg) (X2)
 0.05   0.00   0.0000   0.0457   0.0920   0.1387   0.1854   0.2319   0.2782   0.4129   0.4966   0.5753   0.6457
 0.30   2.00   0.0000   0.0457   0.0921   0.1387   0.1856   0.2324   0.2789   0.4154   0.5011   0.5827   0.6569
 0.60   4.00   0.0000   0.0457   0.0921   0.1388   0.1857   0.2326   0.2795   0.4179   0.5076   0.5967   0.6814
 0.80   6.00   0.0000   0.0457   0.0920   0.1387   0.1857   0.2327   0.2797   0.4214   0.5154   0.6099   0.7014
 0.95   8.00   0.0000   0.0803   0.1612   0.2421   0.3230   0.4033   0.4828   0.7182   0.8683   1.0145   1.1569
 1.05  10.00   0.0000   0.1000   0.2010   0.3024   0.4038   0.5049   0.6058   0.9063   1.1005   1.2965   1.4837
 1.20  12.00   0.0001   0.1164   0.2338   0.3517   0.4697   0.5874   0.7054   1.0557   1.2873   1.5152   1.7274
 1.60  18.00   0.0000   0.0632   0.1277   0.1937   0.2612   0.3309   0.4028   0.6382   0.8058   0.9559   1.0987
 2.00  22.00   0.0000   0.0735   0.1485   0.2249   0.3036   0.3845   0.4684   0.7385   0.9070   1.0567   1.1860
 3.00  26.00   0.0000   0.0664   0.1345   0.2054   0.2797   0.3593   0.4409   0.6709   0.8143   0.9479   1.0720
 4.50  30.00   0.0000   0.0617   0.1258   0.1941   0.2668   0.3392   0.4087   0.6160   0.7518   0.8849   1.0097
 6.00          0.0000   0.0632   0.1295   0.2005   0.2718   0.3414   0.4115   0.6234   0.7631   0.8973   1.0232
 9.00          0.0000   0.0650   0.1341   0.2041   0.2741   0.3449   0.4172   0.6343   0.7760   0.9117   1.0384
12.00          0.0000   0.0653   0.1341   0.2029   0.2730   0.3447   0.4169   0.6347   0.7765   0.9121   1.0389
15.00          0.0000   0.0656   0.1337   0.2027   0.2736   0.3456   0.4184   0.6373   0.7798   0.9161   1.0435
20.00          0.0000   0.0658   0.1333   0.2028   0.2737   0.3459   0.4188   0.6379   0.7806   0.9170   1.0445
25.00          0.0000   0.0658   0.1332   0.2028   0.2739   0.3461   0.4190   0.6383   0.7811   0.9176   1.0451

1DIM clmq_vs_mach
NX1 17  // pitch moment damping derivative of q (per rad); 17 rows of Mach (X1)
 0.05   -0.0472
 0.30   -0.0523
 0.60   -0.0697
 0.80   -0.0908
 0.95   -0.1180
 1.05   -0.1396
 1.20   -0.1802
 1.60   -0.0682
 2.00   -0.0976
 3.00   -0.0726
 4.50   -0.0668
 6.00   -0.0682
 9.00   -0.0708
12.00   -0.0722
15.00   -0.0738
20.00   -0.0747
25.00   -0.0741