TITLE ROCKET6 Generic three-stage rocket booster

Generic booster concept:  Small Launch Vehicle (SLV)
Aerodynamic coefficients developed using missile DATCOM

Nomenclature of table names
	...slv3... 3 stage booster
	...slv2... 2 upper stages
	...slv1... 1 upper stage

091214  *** ROCKET6 Version 1.0 released

1DIM ca0slv3_vs_mach
NX1 17  // axial force coefficient; 17 rows of Mach (X1)
0.05        0.2482
0.3     0.2208
0.6     0.212
0.8     0.2078
0.95        0.2419
1.05        0.4138
1.2     0.5014
1.6     0.5653
2       0.4852
3       0.4184
4.5     0.3697
6       0.3424
9       0.3043
12      0.2873
15      0.2823
20      0.2776
25      0.2752

1DIM caaslv3_vs_mach
NX1 17  // axial force derivative of alpha (per deg); 17 rows of Mach (X1)
0.05        -0.00007
0.3     -0.00005
0.6     -0.00005
0.8     -0.00005
0.95        -0.00005
1.05        -0.00013
1.2     -0.00019
1.6     0
2       0
3       0
4.5     0
6       0
9       0
12      0
15      0
20      0
25      0

1DIM ca0bslv3_vs_mach
NX1 17  // base axial force coefficient; 17 rows of Mach (X1)
0.05        0.137
0.3     0.137
0.6     0.136
0.8     0.134
0.95        0.155
1.05        0.21
1.2     0.193
1.6     0.17267
2       0.147
3       0.095
4.5     0.06042
6       0.04667
9       0.01917
12      0.00694
15      0.00444
20      0.0025
25      0.0016

2DIM cn0slv3_vs_mach_alpha
NX1 17 NX2 11  // normal force coefficient; 17 rows of Mach (X1), 11 columns of alpha (deg) (X2)
0.05    0       0   0.0935082   0.2076261   0.3417227   0.4947362   0.6453697   0.7936897   1.2274029   1.4729056   1.5115433   1.4542221
0.3     2       0   0.0919233   0.183619    0.2672638   0.3656828   0.4539093   0.5704131   0.9830366   1.2898438   1.6156688   1.9577339
0.6     4       0   0.0857763   0.1769507   0.2740745   0.3776559   0.4881513   0.6059561   1.0061026   1.3524772   1.789029    2.3033843
0.8     6       0   0.0858363   0.1774298   0.2756865   0.3814608   0.495542    0.6186419   1.0986632   1.5453973   2.0981846   2.7621186
0.95    8       0   0.0910811   0.1885876   0.2937712   0.4078216   0.5318488   0.6668664   1.2537434   1.7968478   2.5021238   3.4460845
1.05    10      0   0.0970152   0.2026668   0.3189261   0.4476772   0.5906905   0.7618587   1.5195656   2.2473755   3.291728    4.496006
1.2     12      0   0.0964965   0.2025818   0.320771    0.4534767   0.6071271   0.8065358   1.6760306   2.6022887   3.7741172   4.9604664
1.6     18      0   0.1006063   0.2120177   0.3378304   0.4888532   0.6855848   0.9312785   2.1387422   3.1398611   4.0722733   5.0735164
2       22      0   0.1054807   0.2228026   0.3582396   0.5366614   0.7654263   1.0633252   2.3375351   3.1870728   3.9853001   4.7380357
3       26      0   0.0998478   0.2149844   0.3711749   0.5894786   0.9015697   1.2281787   2.1809626   2.8497701   3.5490472   4.299458
4.5     30      0   0.0906625   0.2091697   0.3964212   0.6390641   0.8883134   1.1207458   1.9374443   2.5914776   3.3462713   4.1551809
6               0   0.0821829   0.2053235   0.396782    0.5958717   0.7914827   1.0110941   1.8279123   2.50019     3.2434816   4.0431938
9               0   0.0758359   0.2077852   0.3545088   0.5158602   0.7014251   0.9244911   1.7462456   2.4042668   3.1354721   3.9255197
12              0   0.0720033   0.1910605   0.3181649   0.4731517   0.6634403   0.8807849   1.6835188   2.3305898   3.0525117   3.8351362
15              0   0.0759234   0.1839876   0.3106079   0.4722891   0.6623715   0.879516    1.6816976   2.3284507   3.0501029   3.8325119
20              0   0.077264    0.1785983   0.310175    0.4722006   0.6622618   0.8793858   1.6815108   2.3282313   3.0498559   3.8322427
25              0   0.0764241   0.1770043   0.3101462   0.4721625   0.6622146   0.8793297   1.6814302   2.3281364   3.0497494   3.8321266

2DIM clm0slv3_vs_mach_alpha
NX1 17 NX2 11  // pitch moment coefficient; 17 rows of Mach (X1), 11 columns of alpha (deg) (X2)
0.05    0       0   -0.1962912  -0.4882357  -0.8742765  -1.3508668  -1.8218343  -2.2887337  -3.6888709  -4.4757724  -4.3672581  -3.8767936
0.3     2       0   -0.1890383  -0.3783751  -0.5335393  -0.7602959  -0.9456776  -1.2669803  -2.5706072  -3.6380491  -4.8437548  -6.180953
0.6     4       0   -0.1609087  -0.3478598  -0.5647061  -0.8150867  -1.102375   -1.4296314  -2.6761613  -3.9246702  -5.6370821  -7.7627096
0.8     6       0   -0.1611833  -0.3500523  -0.5720832  -0.8324987  -1.1361965  -1.4876835  -3.099735   -4.807507   -7.0518332  -9.8619595
0.95    8       0   -0.1867155  -0.4041658  -0.6594002  -0.9591669  -1.309823   -1.7172482  -3.822155   -5.9731593  -8.9171858  -13.0102739
1.05    10      0   -0.1858289  -0.412672   -0.6910337  -1.0309987  -1.4421012  -1.9893103  -4.8051848  -7.7606854  -12.2218437 -17.4785652
1.2     12      0   -0.1688723  -0.3832018  -0.6560649  -1.000047   -1.446079   -2.1091845  -5.3998132  -9.2422581  -14.2688026 -19.4291153
1.6     18      0   -0.1670457  -0.3852344  -0.6727072  -1.0805902  -1.7043176  -2.5603595  -7.3455143  -11.5005541 -15.4060678 -19.6989803
2       22      0   -0.182692   -0.4213071  -0.7462782  -1.2731138  -2.0371525  -3.1260037  -8.1997919  -11.6514912 -14.9347477 -18.0838833
3       26      0   -0.1695748  -0.4107755  -0.8431592  -1.5647242  -2.722013   -3.9538262  -7.588665   -10.2317066 -13.0777454 -16.2287121
4.5     30      0   -0.1471021  -0.4231754  -1.0169216  -1.8687532  -2.7569077  -3.5756416  -6.6371021  -9.2409573  -12.3651476 -15.8030825
6               0   -0.1308204  -0.4504884  -1.0856194  -1.7598889  -2.4238181  -3.2044799  -6.3233342  -9.0434074  -12.1427059 -15.5607367
9               0   -0.1105334  -0.4792199  -0.9182425  -1.4282712  -2.0544844  -2.8589659  -6.0225163  -8.6900749  -11.744854  -15.127286
12              0   -0.1092261  -0.4350528  -0.8002445  -1.2968185  -1.9599502  -2.7530944  -5.8705702  -8.5116034  -11.5438948 -14.9083462
15              0   -0.1279392  -0.4042303  -0.7679676  -1.2959237  -1.9588416  -2.7517781  -5.868681   -8.5093851  -11.5413971 -14.9056244
20              0   -0.1341513  -0.3797219  -0.7662161  -1.2958231  -1.9587169  -2.7516303  -5.8684688  -8.5091352  11.5411158  14.9053183
25              0   -0.1303405  -0.3724924  -0.7661817  -1.2957776  -1.9586604  -2.7515631  -5.8683724  -8.5090227  -11.5409889 -14.90518

1DIM clmqslv3_vs_mach
NX1 17  // pitch moment damping derivative of q (per rad); 17 rows of Mach (X1)
0.05    -27.06065647
0.3     -28.90067614
0.6     -35.00568111
0.8     -42.02862638
0.95    -49.2508559
1.05    -51.7125
1.2     -50.60997129
1.6     -47.65989038
2       -44.7162887
3       -37.36305702
4.5     -26.33006292
6       6.304107048
9       2.014906944
12      1.966401173
15      1.581556102
20      1.43972547
25      1.453117306

1DIM ca0slv2_vs_mach
NX1 17  // axial force coefficient; 17 rows of Mach (X1)
0.05        0.2482
0.3     0.2208
0.6     0.212
0.8     0.2078
0.95        0.2419
1.05        0.4138
1.2     0.5014
1.6     0.5653
2       0.4852
3       0.4184
4.5     0.3697
6       0.3424
9       0.3043
12      0.2873
15      0.2823
20      0.2776
25      0.2752

1DIM caaslv2_vs_mach
NX1 17  // axial force derivative of alpha (per deg); 17 rows of Mach (X1)
0.05        -0.00007
0.3     -0.00005
0.6     -0.00005
0.8     -0.00005
0.95        -0.00005
1.05        -0.00013
1.2     -0.00019
1.6     0
2       0
3       0
4.5     0
6       0
9       0
12      0
15      0
20      0
25      0

1DIM ca0bslv2_vs_mach
NX1 17  // base axial force coefficient; 17 rows of Mach (X1)
0.05        0.137
0.3     0.137
0.6     0.136
0.8     0.134
0.95        0.155
1.05        0.21
1.2     0.193
1.6     0.17267
2       0.147
3       0.095
4.5     0.06042
6       0.04667
9       0.01917
12      0.00694
15      0.00444
20      0.0025
25      0.0016

2DIM cn0slv2_vs_mach_alpha
NX1 17 NX2 11  // normal force coefficient; 17 rows of Mach (X1), 11 columns of alpha (deg) (X2)
0.05    0       0   0.0935082   0.2076261   0.3417227   0.4947362   0.6453697   0.7936897   1.2274029   1.4729056   1.5115433   1.4542221
0.3     2       0   0.0919233   0.183619    0.2672638   0.3656828   0.4539093   0.5704131   0.9830366   1.2898438   1.6156688   1.9577339
0.6     4       0   0.0857763   0.1769507   0.2740745   0.3776559   0.4881513   0.6059561   1.0061026   1.3524772   1.789029    2.3033843
0.8     6       0   0.0858363   0.1774298   0.2756865   0.3814608   0.495542    0.6186419   1.0986632   1.5453973   2.0981846   2.7621186
0.95    8       0   0.0910811   0.1885876   0.2937712   0.4078216   0.5318488   0.6668664   1.2537434   1.7968478   2.5021238   3.4460845
1.05    10      0   0.0970152   0.2026668   0.3189261   0.4476772   0.5906905   0.7618587   1.5195656   2.2473755   3.291728    4.496006
1.2     12      0   0.0964965   0.2025818   0.320771    0.4534767   0.6071271   0.8065358   1.6760306   2.6022887   3.7741172   4.9604664
1.6     18      0   0.1006063   0.2120177   0.3378304   0.4888532   0.6855848   0.9312785   2.1387422   3.1398611   4.0722733   5.0735164
2       22      0   0.1054807   0.2228026   0.3582396   0.5366614   0.7654263   1.0633252   2.3375351   3.1870728   3.9853001   4.7380357
3       26      0   0.0998478   0.2149844   0.3711749   0.5894786   0.9015697   1.2281787   2.1809626   2.8497701   3.5490472   4.299458
4.5     30      0   0.0906625   0.2091697   0.3964212   0.6390641   0.8883134   1.1207458   1.9374443   2.5914776   3.3462713   4.1551809
6               0   0.0821829   0.2053235   0.396782    0.5958717   0.7914827   1.0110941   1.8279123   2.50019     3.2434816   4.0431938
9               0   0.0758359   0.2077852   0.3545088   0.5158602   0.7014251   0.9244911   1.7462456   2.4042668   3.1354721   3.9255197
12              0   0.0720033   0.1910605   0.3181649   0.4731517   0.6634403   0.8807849   1.6835188   2.3305898   3.0525117   3.8351362
15              0   0.0759234   0.1839876   0.3106079   0.4722891   0.6623715   0.879516    1.6816976   2.3284507   3.0501029   3.8325119
20              0   0.077264    0.1785983   0.310175    0.4722006   0.6622618   0.8793858   1.6815108   2.3282313   3.0498559   3.8322427
25              0   0.0764241   0.1770043   0.3101462   0.4721625   0.6622146   0.8793297   1.6814302   2.3281364   3.0497494   3.8321266

2DIM clm0slv2_vs_mach_alpha
NX1 17 NX2 11  // pitch moment coefficient; 17 rows of Mach (X1), 11 columns of alpha (deg) (X2)
0.05    0       0   -0.1962912  -0.4882357  -0.8742765  -1.3508668  -1.8218343  -2.2887337  -3.6888709  -4.4757724  -4.3672581  -3.8767936
0.3     2       0   -0.1890383  -0.3783751  -0.5335393  -0.7602959  -0.9456776  -1.2669803  -2.5706072  -3.6380491  -4.8437548  -6.180953
0.6     4       0   -0.1609087  -0.3478598  -0.5647061  -0.8150867  -1.102375   -1.4296314  -2.6761613  -3.9246702  -5.6370821  -7.7627096
0.8     6       0   -0.1611833  -0.3500523  -0.5720832  -0.8324987  -1.1361965  -1.4876835  -3.099735   -4.807507   -7.0518332  -9.8619595
0.95    8       0   -0.1867155  -0.4041658  -0.6594002  -0.9591669  -1.309823   -1.7172482  -3.822155   -5.9731593  -8.9171858  -13.0102739
1.05    10      0   -0.1858289  -0.412672   -0.6910337  -1.0309987  -1.4421012  -1.9893103  -4.8051848  -7.7606854  -12.2218437 -17.4785652
1.2     12      0   -0.1688723  -0.3832018  -0.6560649  -1.000047   -1.446079   -2.1091845  -5.3998132  -9.2422581  -14.2688026 -19.4291153
1.6     18      0   -0.1670457  -0.3852344  -0.6727072  -1.0805902  -1.7043176  -2.5603595  -7.3455143  -11.5005541 -15.4060678 -19.6989803
2       22      0   -0.182692   -0.4213071  -0.7462782  -1.2731138  -2.0371525  -3.1260037  -8.1997919  -11.6514912 -14.9347477 -18.0838833
3       26      0   -0.1695748  -0.4107755  -0.8431592  -1.5647242  -2.722013   -3.9538262  -7.588665   -10.2317066 -13.0777454 -16.2287121
4.5     30      0   -0.1471021  -0.4231754  -1.0169216  -1.8687532  -2.7569077  -3.5756416  -6.6371021  -9.2409573  -12.3651476 -15.8030825
6               0   -0.1308204  -0.4504884  -1.0856194  -1.7598889  -2.4238181  -3.2044799  -6.3233342  -9.0434074  -12.1427059 -15.5607367
9               0   -0.1105334  -0.4792199  -0.9182425  -1.4282712  -2.0544844  -2.8589659  -6.0225163  -8.6900749  -11.744854  -15.127286
12              0   -0.1092261  -0.4350528  -0.8002445  -1.2968185  -1.9599502  -2.7530944  -5.8705702  -8.5116034  -11.5438948 -14.9083462
15              0   -0.1279392  -0.4042303  -0.7679676  -1.2959237  -1.9588416  -2.7517781  -5.868681   -8.5093851  -11.5413971 -14.9056244
20              0   -0.1341513  -0.3797219  -0.7662161  -1.2958231  -1.9587169  -2.7516303  -5.8684688  -8.5091352  11.5411158  14.9053183
25              0   -0.1303405  -0.3724924  -0.7661817  -1.2957776  -1.9586604  -2.7515631  -5.8683724  -8.5090227  -11.5409889 -14.90518

1DIM clmqslv2_vs_mach
NX1 17  // pitch moment damping derivative of q (per rad); 17 rows of Mach (X1)
0.05    -27.06065647
0.3     -28.90067614
0.6     -35.00568111
0.8     -42.02862638
0.95    -49.2508559
1.05    -51.7125
1.2     -50.60997129
1.6     -47.65989038
2       -44.7162887
3       -37.36305702
4.5     -26.33006292
6       6.304107048
9       2.014906944
12      1.966401173
15      1.581556102
20      1.43972547
25      1.453117306

1DIM ca0slv1_vs_mach
NX1 17  // axial force coefficient; 17 rows of Mach (X1)
0.05        0.2482
0.3     0.2208
0.6     0.212
0.8     0.2078
0.95        0.2419
1.05        0.4138
1.2     0.5014
1.6     0.5653
2       0.4852
3       0.4184
4.5     0.3697
6       0.3424
9       0.3043
12      0.2873
15      0.2823
20      0.2776
25      0.2752

1DIM caaslv1_vs_mach
NX1 17  // axial force derivative of alpha (per deg); 17 rows of Mach (X1)
0.05        -0.00007
0.3     -0.00005
0.6     -0.00005
0.8     -0.00005
0.95        -0.00005
1.05        -0.00013
1.2     -0.00019
1.6     0
2       0
3       0
4.5     0
6       0
9       0
12      0
15      0
20      0
25      0

1DIM ca0bslv1_vs_mach
NX1 17  // base axial force coefficient; 17 rows of Mach (X1)
0.05        0.137
0.3     0.137
0.6     0.136
0.8     0.134
0.95        0.155
1.05        0.21
1.2     0.193
1.6     0.17267
2       0.147
3       0.095
4.5     0.06042
6       0.04667
9       0.01917
12      0.00694
15      0.00444
20      0.0025
25      0.0016

2DIM cn0slv1_vs_mach_alpha
NX1 17 NX2 11  // normal force coefficient; 17 rows of Mach (X1), 11 columns of alpha (deg) (X2)
0.05    0       0   0.0935082   0.2076261   0.3417227   0.4947362   0.6453697   0.7936897   1.2274029   1.4729056   1.5115433   1.4542221
0.3     2       0   0.0919233   0.183619    0.2672638   0.3656828   0.4539093   0.5704131   0.9830366   1.2898438   1.6156688   1.9577339
0.6     4       0   0.0857763   0.1769507   0.2740745   0.3776559   0.4881513   0.6059561   1.0061026   1.3524772   1.789029    2.3033843
0.8     6       0   0.0858363   0.1774298   0.2756865   0.3814608   0.495542    0.6186419   1.0986632   1.5453973   2.0981846   2.7621186
0.95    8       0   0.0910811   0.1885876   0.2937712   0.4078216   0.5318488   0.6668664   1.2537434   1.7968478   2.5021238   3.4460845
1.05    10      0   0.0970152   0.2026668   0.3189261   0.4476772   0.5906905   0.7618587   1.5195656   2.2473755   3.291728    4.496006
1.2     12      0   0.0964965   0.2025818   0.320771    0.4534767   0.6071271   0.8065358   1.6760306   2.6022887   3.7741172   4.9604664
1.6     18      0   0.1006063   0.2120177   0.3378304   0.4888532   0.6855848   0.9312785   2.1387422   3.1398611   4.0722733   5.0735164
2       22      0   0.1054807   0.2228026   0.3582396   0.5366614   0.7654263   1.0633252   2.3375351   3.1870728   3.9853001   4.7380357
3       26      0   0.0998478   0.2149844   0.3711749   0.5894786   0.9015697   1.2281787   2.1809626   2.8497701   3.5490472   4.299458
4.5     30      0   0.0906625   0.2091697   0.3964212   0.6390641   0.8883134   1.1207458   1.9374443   2.5914776   3.3462713   4.1551809
6               0   0.0821829   0.2053235   0.396782    0.5958717   0.7914827   1.0110941   1.8279123   2.50019     3.2434816   4.0431938
9               0   0.0758359   0.2077852   0.3545088   0.5158602   0.7014251   0.9244911   1.7462456   2.4042668   3.1354721   3.9255197
12              0   0.0720033   0.1910605   0.3181649   0.4731517   0.6634403   0.8807849   1.6835188   2.3305898   3.0525117   3.8351362
15              0   0.0759234   0.1839876   0.3106079   0.4722891   0.6623715   0.879516    1.6816976   2.3284507   3.0501029   3.8325119
20              0   0.077264    0.1785983   0.310175    0.4722006   0.6622618   0.8793858   1.6815108   2.3282313   3.0498559   3.8322427
25              0   0.0764241   0.1770043   0.3101462   0.4721625   0.6622146   0.8793297   1.6814302   2.3281364   3.0497494   3.8321266

2DIM clm0slv1_vs_mach_alpha
NX1 17 NX2 11  // pitch moment coefficient; 17 rows of Mach (X1), 11 columns of alpha (deg) (X2)
0.05    0       0   -0.1962912  -0.4882357  -0.8742765  -1.3508668  -1.8218343  -2.2887337  -3.6888709  -4.4757724  -4.3672581  -3.8767936
0.3     2       0   -0.1890383  -0.3783751  -0.5335393  -0.7602959  -0.9456776  -1.2669803  -2.5706072  -3.6380491  -4.8437548  -6.180953
0.6     4       0   -0.1609087  -0.3478598  -0.5647061  -0.8150867  -1.102375   -1.4296314  -2.6761613  -3.9246702  -5.6370821  -7.7627096
0.8     6       0   -0.1611833  -0.3500523  -0.5720832  -0.8324987  -1.1361965  -1.4876835  -3.099735   -4.807507   -7.0518332  -9.8619595
0.95    8       0   -0.1867155  -0.4041658  -0.6594002  -0.9591669  -1.309823   -1.7172482  -3.822155   -5.9731593  -8.9171858  -13.0102739
1.05    10      0   -0.1858289  -0.412672   -0.6910337  -1.0309987  -1.4421012  -1.9893103  -4.8051848  -7.7606854  -12.2218437 -17.4785652
1.2     12      0   -0.1688723  -0.3832018  -0.6560649  -1.000047   -1.446079   -2.1091845  -5.3998132  -9.2422581  -14.2688026 -19.4291153
1.6     18      0   -0.1670457  -0.3852344  -0.6727072  -1.0805902  -1.7043176  -2.5603595  -7.3455143  -11.5005541 -15.4060678 -19.6989803
2       22      0   -0.182692   -0.4213071  -0.7462782  -1.2731138  -2.0371525  -3.1260037  -8.1997919  -11.6514912 -14.9347477 -18.0838833
3       26      0   -0.1695748  -0.4107755  -0.8431592  -1.5647242  -2.722013   -3.9538262  -7.588665   -10.2317066 -13.0777454 -16.2287121
4.5     30      0   -0.1471021  -0.4231754  -1.0169216  -1.8687532  -2.7569077  -3.5756416  -6.6371021  -9.2409573  -12.3651476 -15.8030825
6               0   -0.1308204  -0.4504884  -1.0856194  -1.7598889  -2.4238181  -3.2044799  -6.3233342  -9.0434074  -12.1427059 -15.5607367
9               0   -0.1105334  -0.4792199  -0.9182425  -1.4282712  -2.0544844  -2.8589659  -6.0225163  -8.6900749  -11.744854  -15.127286
12              0   -0.1092261  -0.4350528  -0.8002445  -1.2968185  -1.9599502  -2.7530944  -5.8705702  -8.5116034  -11.5438948 -14.9083462
15              0   -0.1279392  -0.4042303  -0.7679676  -1.2959237  -1.9588416  -2.7517781  -5.868681   -8.5093851  -11.5413971 -14.9056244
20              0   -0.1341513  -0.3797219  -0.7662161  -1.2958231  -1.9587169  -2.7516303  -5.8684688  -8.5091352  11.5411158  14.9053183
25              0   -0.1303405  -0.3724924  -0.7661817  -1.2957776  -1.9586604  -2.7515631  -5.8683724  -8.5090227  -11.5409889 -14.90518

1DIM clmqslv1_vs_mach
NX1 17  // pitch moment damping derivative of q (per rad); 17 rows of Mach (X1)
0.05    -27.06065647
0.3     -28.90067614
0.6     -35.00568111
0.8     -42.02862638
0.95    -49.2508559
1.05    -51.7125
1.2     -50.60997129
1.6     -47.65989038
2       -44.7162887
3       -37.36305702
4.5     -26.33006292
6       6.304107048
9       2.014906944
12      1.966401173
15      1.581556102
20      1.43972547
25      1.453117306

