2DIM  CN_vs_mach_alpha                                                                      
NX1  8  NX2  15                                                                 
0       0.1     0.002   0.002   0.002   0.002   0.002   0.002   0.002   0.002   0.002   0.002   0.002   0.002   0.002   0.002   0.002
0.1     0.5     0.002   0.002   0.002   0.002   0.002   0.002   0.002   0.002   0.002   0.002   0.002   0.002   0.002   0.002   0.002
0.2     0.7     0.004   0.004   0.004   0.004   0.004   0.004   0.005   0.005   0.004   0.004   0.004   0.003   0.003   0.003   0.003
0.5     0.9     0.010   0.010   0.010   0.010   0.011   0.010   0.011   0.011   0.010   0.010   0.009   0.008   0.008   0.008   0.008
1       1.1     0.021   0.020   0.020   0.021   0.023   0.020   0.023   0.023   0.021   0.020   0.018   0.017   0.016   0.016   0.016
2       1.3     0.042   0.041   0.041   0.041   0.046   0.041   0.046   0.046   0.042   0.040   0.037   0.035   0.032   0.032   0.032
3       1.5     0.065   0.062   0.062   0.062   0.069   0.062   0.070   0.070   0.064   0.061   0.057   0.054   0.051   0.051   0.052
5       2       0.113   0.104   0.104   0.105   0.117   0.105   0.119   0.120   0.111   0.108   0.103   0.102   0.099   0.101   0.101
        2.5                                                             
        3                                                               
        4                                                               
        5                                                               
        6                                                               
        7                                                               
        8                                                               

2DIM  Xcp_vs_mach_alpha                                                                     
NX1  8  NX2  15                                                                 
0       0.1     0.590   0.589   0.589   0.496   0.316   0.802   0.838   0.836   0.794   0.737   0.662   0.620   0.569   0.565   0.557
0.1     0.5     0.590   0.589   0.589   0.496   0.316   0.802   0.838   0.836   0.794   0.737   0.662   0.620   0.569   0.565   0.557
0.2     0.7     0.592   0.589   0.589   0.496   0.317   0.802   0.838   0.836   0.795   0.738   0.663   0.621   0.570   0.567   0.558
0.5     0.9     0.598   0.590   0.590   0.498   0.320   0.804   0.840   0.838   0.797   0.740   0.665   0.624   0.574   0.570   0.563
1       1.1     0.607   0.593   0.593   0.500   0.324   0.807   0.842   0.841   0.800   0.744   0.670   0.630   0.582   0.579   0.571
2       1.3     0.625   0.597   0.598   0.506   0.334   0.814   0.848   0.847   0.808   0.753   0.683   0.645   0.603   0.605   0.603
3       1.5     0.642   0.603   0.603   0.512   0.345   0.821   0.854   0.854   0.817   0.764   0.700   0.673   0.643   0.652   0.658
5       2       0.674   0.613   0.615   0.526   0.370   0.837   0.869   0.870   0.840   0.801   0.762   0.759   0.758   0.766   0.761
        2.5                                                             
        3                                                               
        4                                                               
        5                                                               
        6                                                               
        7                                                               
        8                                                               

1DIM CMq_vs_mach        
NX1  15     
0.1     -2.233
0.5     -2.564
0.7     -2.918
0.9     -3.425
1.1     -3.596
1.3     -3.299
1.5     -3.001
2.0     -2.258
2.5     -1.515
3.0     -0.772
4.0     -0.251
5.0     -0.248
6.0     -0.096
7.0     -0.096
8.0     -0.096

1DIM CNq_vs_mach        
NX1  15     
0.100       2.997 
0.500       2.997 
0.700       2.997 
0.900       3.017 
1.100       3.309 
1.300       2.942 
1.500       3.327 
2.000       3.332 
2.500       3.035 
3.000       2.889 
4.000       2.641 
5.000       2.490 
6.000       0.521 
7.000       0.521 
8.000       0.521

3DIM CA_off_vs_mach_alpha_alt                                                                                                                                                                                                                                                                                                                               
NX1  8  NX2  5  NX3  15                                                                                                                                                                                                                                                                                                                     
0       40000       0.1     0.233   0.180   0.173   0.181   0.278   0.403   0.380   0.341   0.319   0.303   0.276   0.265   0.255   0.247   0.240   0.309   0.222   0.211   0.216   0.301   0.416   0.392   0.352   0.329   0.313   0.285   0.272   0.262   0.253   0.246   0.4194  0.2806  0.2625  0.2633  0.3326  0.4339  0.4088  0.3672  0.3427  0.3257  0.2964  0.2828  0.2717  0.2630  0.2553  1.234   0.750   0.690   0.676   0.740   0.900   0.838   0.754   0.715   0.676   0.315   0.301   0.289   0.280   0.272   1.339   0.688   0.613   0.579   0.541   0.551   0.520   0.468   0.438   0.416   0.382   0.367   0.355   0.347   0.341
0.1     50000       0.5     0.233   0.180   0.173   0.181   0.278   0.403   0.380   0.341   0.319   0.303   0.276   0.265   0.255   0.247   0.240   0.309   0.222   0.211   0.216   0.301   0.416   0.392   0.352   0.329   0.313   0.285   0.272   0.262   0.253   0.246   0.4194  0.2806  0.2625  0.2633  0.3326  0.4339  0.4088  0.3672  0.3427  0.3257  0.2964  0.2828  0.2717  0.2630  0.2553  1.234   0.750   0.690   0.676   0.740   0.900   0.838   0.754   0.715   0.676   0.315   0.301   0.289   0.280   0.272   1.339   0.688   0.613   0.579   0.541   0.551   0.520   0.468   0.438   0.416   0.382   0.367   0.355   0.347   0.341
0.2     60000       0.7     0.233   0.180   0.173   0.181   0.278   0.403   0.380   0.341   0.319   0.303   0.276   0.265   0.255   0.247   0.240   0.309   0.222   0.211   0.216   0.301   0.416   0.392   0.352   0.329   0.313   0.285   0.272   0.262   0.253   0.246   0.4194  0.2806  0.2625  0.2633  0.3326  0.4339  0.4088  0.3672  0.3427  0.3257  0.2964  0.2828  0.2717  0.2630  0.2553  1.234   0.750   0.690   0.676   0.740   0.900   0.838   0.754   0.715   0.676   0.315   0.301   0.289   0.280   0.272   1.339   0.688   0.613   0.579   0.541   0.551   0.520   0.468   0.438   0.416   0.382   0.367   0.355   0.347   0.341
0.5     70000       0.9     0.233   0.180   0.173   0.181   0.278   0.403   0.379   0.341   0.319   0.303   0.276   0.265   0.255   0.247   0.240   0.309   0.222   0.211   0.216   0.301   0.416   0.392   0.352   0.329   0.313   0.285   0.272   0.262   0.253   0.246   0.4193  0.2806  0.2625  0.2632  0.3325  0.4339  0.4087  0.3672  0.3427  0.3257  0.2964  0.2828  0.2717  0.2630  0.2553  1.234   0.750   0.690   0.676   0.740   0.900   0.838   0.754   0.715   0.676   0.315   0.301   0.289   0.280   0.272   1.339   0.688   0.613   0.579   0.541   0.551   0.520   0.468   0.438   0.416   0.382   0.367   0.355   0.347   0.341
1       80000       1.1     0.233   0.180   0.173   0.181   0.278   0.403   0.379   0.341   0.319   0.303   0.276   0.265   0.255   0.247   0.240   0.309   0.222   0.211   0.216   0.301   0.416   0.392   0.352   0.329   0.313   0.285   0.272   0.262   0.253   0.246   0.4193  0.2805  0.2624  0.2632  0.3325  0.4338  0.4087  0.3671  0.3427  0.3257  0.2964  0.2828  0.2717  0.2630  0.2553  1.234   0.750   0.689   0.676   0.740   0.899   0.838   0.754   0.715   0.676   0.315   0.301   0.289   0.280   0.272   1.339   0.687   0.613   0.579   0.541   0.551   0.520   0.468   0.438   0.416   0.382   0.367   0.355   0.347   0.341
2               1.3     0.233   0.179   0.173   0.181   0.278   0.403   0.379   0.341   0.318   0.303   0.276   0.265   0.255   0.247   0.240   0.309   0.222   0.211   0.216   0.301   0.416   0.392   0.352   0.329   0.313   0.285   0.272   0.262   0.253   0.246   0.4190  0.2803  0.2623  0.2630  0.3323  0.4334  0.4083  0.3670  0.3426  0.3258  0.2964  0.2829  0.2717  0.2631  0.2554  1.233   0.750   0.689   0.675   0.740   0.899   0.837   0.754   0.715   0.676   0.315   0.301   0.289   0.280   0.272   1.338   0.687   0.613   0.579   0.540   0.551   0.520   0.468   0.437   0.416   0.382   0.367   0.355   0.347   0.341
3               1.5     0.232   0.179   0.173   0.181   0.278   0.402   0.379   0.340   0.318   0.303   0.277   0.265   0.255   0.247   0.240   0.308   0.222   0.211   0.216   0.301   0.415   0.391   0.352   0.329   0.313   0.285   0.272   0.262   0.254   0.246   0.4187  0.2801  0.2621  0.2628  0.3321  0.4328  0.4078  0.3667  0.3424  0.3258  0.2965  0.2830  0.2718  0.2632  0.2555  1.232   0.749   0.688   0.675   0.739   0.897   0.836   0.753   0.715   0.676   0.315   0.301   0.289   0.280   0.272   1.337   0.687   0.612   0.578   0.540   0.550   0.519   0.468   0.437   0.416   0.382   0.367   0.355   0.347   0.341
5               2       0.232   0.179   0.172   0.181   0.277   0.400   0.377   0.339   0.318   0.303   0.277   0.265   0.255   0.247   0.241   0.308   0.222   0.210   0.215   0.300   0.413   0.389   0.351   0.328   0.313   0.285   0.273   0.262   0.254   0.247   0.4177  0.2794  0.2614  0.2622  0.3314  0.4309  0.4060  0.3657  0.3418  0.3258  0.2966  0.2833  0.2721  0.2636  0.2560  1.229   0.747   0.687   0.673   0.737   0.894   0.833   0.751   0.714   0.676   0.315   0.301   0.289   0.280   0.273   1.334   0.685   0.611   0.577   0.539   0.548   0.517   0.467   0.437   0.417   0.383   0.367   0.355   0.347   0.341
                2.5                                                                                                                                                                                                                                                                                                             
                3                                                                                                                                                                                                                                                                                                               
                4                                                                                                                                                                                                                                                                                                               
                5                                                                                                                                                                                                                                                                                                               
                6                                                                                                                                                                                                                                                                                                               
                7                                                                                                                                                                                                                                                                                                               
                8                                                                                                                                                                                                                                                                                                               

3DIM CA_on_vs_mach_alpha_alt                                                                                                                                                                                                                                                                                                                                
NX1  8  NX2  5  NX3  15                                                                                                                                                                                                                                                                                                                     
0       40000       0.1     0.233   0.130   0.124   0.134   0.205   0.336   0.315   0.288   0.276   0.269   0.237   0.231   0.227   0.224   0.229   0.260   0.173   0.162   0.169   0.228   0.349   0.328   0.299   0.287   0.279   0.246   0.238   0.233   0.231   0.229   0.370   0.231   0.214   0.216   0.259   0.366   0.344   0.314   0.301   0.292   0.257   0.249   0.244   0.240   0.238   1.185   0.701   0.641   0.629   0.667   0.832   0.774   0.701   0.673   0.642   0.276   0.267   0.261   0.257   0.255   1.290   0.638   0.565   0.532   0.468   0.483   0.456   0.415   0.395   0.382   0.343   0.333   0.327   0.324   0.324
0.1     50000       0.5     0.233   0.130   0.124   0.134   0.205   0.336   0.315   0.288   0.276   0.269   0.237   0.231   0.227   0.224   0.229   0.260   0.173   0.162   0.169   0.228   0.349   0.328   0.299   0.287   0.279   0.246   0.238   0.233   0.231   0.229   0.370   0.231   0.214   0.216   0.259   0.366   0.344   0.314   0.301   0.292   0.257   0.249   0.244   0.240   0.238   1.185   0.701   0.641   0.629   0.667   0.832   0.774   0.701   0.673   0.642   0.276   0.267   0.261   0.257   0.255   1.290   0.638   0.565   0.532   0.468   0.483   0.456   0.415   0.395   0.382   0.343   0.333   0.327   0.324   0.324
0.2     60000       0.7     0.233   0.130   0.124   0.134   0.205   0.336   0.315   0.288   0.276   0.269   0.237   0.231   0.227   0.224   0.229   0.260   0.173   0.162   0.169   0.228   0.349   0.328   0.299   0.287   0.279   0.246   0.238   0.233   0.231   0.229   0.370   0.231   0.214   0.216   0.259   0.366   0.344   0.314   0.301   0.292   0.257   0.249   0.244   0.240   0.238   1.185   0.701   0.641   0.629   0.667   0.832   0.774   0.701   0.673   0.642   0.276   0.267   0.261   0.257   0.255   1.290   0.638   0.565   0.532   0.468   0.483   0.456   0.415   0.395   0.382   0.343   0.333   0.327   0.324   0.324
0.5     70000       0.9     0.233   0.130   0.124   0.134   0.205   0.335   0.315   0.288   0.276   0.269   0.237   0.231   0.227   0.224   0.229   0.260   0.173   0.162   0.169   0.228   0.349   0.328   0.299   0.287   0.279   0.246   0.238   0.233   0.231   0.229   0.370   0.231   0.214   0.216   0.259   0.366   0.344   0.314   0.301   0.292   0.257   0.249   0.244   0.240   0.238   1.185   0.701   0.641   0.629   0.667   0.832   0.774   0.701   0.673   0.642   0.276   0.267   0.261   0.257   0.255   1.290   0.638   0.565   0.532   0.468   0.483   0.456   0.415   0.395   0.382   0.343   0.333   0.327   0.324   0.324
1       80000       1.1     0.233   0.130   0.124   0.134   0.205   0.335   0.315   0.288   0.276   0.269   0.237   0.231   0.227   0.224   0.229   0.260   0.173   0.162   0.169   0.228   0.349   0.327   0.299   0.287   0.279   0.246   0.238   0.234   0.231   0.229   0.370   0.231   0.214   0.216   0.259   0.366   0.344   0.314   0.301   0.292   0.257   0.249   0.244   0.240   0.238   1.185   0.701   0.641   0.628   0.667   0.832   0.774   0.701   0.673   0.642   0.276   0.267   0.261   0.257   0.255   1.290   0.638   0.565   0.531   0.468   0.483   0.455   0.415   0.395   0.382   0.343   0.333   0.327   0.324   0.324
2               1.3     0.233   0.130   0.124   0.134   0.205   0.335   0.315   0.288   0.276   0.269   0.237   0.231   0.227   0.224   0.229   0.259   0.173   0.162   0.169   0.228   0.348   0.327   0.299   0.287   0.279   0.246   0.239   0.234   0.231   0.229   0.370   0.231   0.214   0.216   0.259   0.366   0.344   0.314   0.300   0.292   0.257   0.249   0.244   0.240   0.238   1.184   0.700   0.641   0.628   0.667   0.831   0.773   0.701   0.673   0.642   0.276   0.267   0.261   0.257   0.255   1.289   0.638   0.564   0.531   0.467   0.483   0.455   0.415   0.395   0.382   0.343   0.333   0.327   0.324   0.324
3               1.5     0.232   0.130   0.124   0.134   0.205   0.334   0.314   0.287   0.276   0.269   0.237   0.231   0.227   0.224   0.229   0.259   0.173   0.162   0.169   0.228   0.348   0.327   0.299   0.286   0.279   0.246   0.239   0.234   0.231   0.229   0.370   0.231   0.214   0.215   0.259   0.365   0.343   0.314   0.300   0.292   0.257   0.249   0.244   0.241   0.238   1.183   0.700   0.640   0.628   0.666   0.830   0.772   0.700   0.673   0.642   0.276   0.267   0.261   0.257   0.255   1.288   0.637   0.564   0.531   0.467   0.482   0.455   0.415   0.395   0.382   0.343   0.333   0.327   0.325   0.324
5               2       0.232   0.130   0.124   0.133   0.204   0.332   0.312   0.286   0.276   0.269   0.238   0.231   0.227   0.225   0.230   0.259   0.173   0.162   0.168   0.228   0.346   0.325   0.298   0.286   0.279   0.246   0.239   0.234   0.231   0.230   0.369   0.230   0.213   0.215   0.259   0.363   0.342   0.313   0.300   0.292   0.258   0.250   0.244   0.241   0.239   1.180   0.698   0.638   0.626   0.664   0.826   0.768   0.698   0.672   0.642   0.276   0.267   0.261   0.258   0.255   1.285   0.636   0.563   0.530   0.466   0.481   0.453   0.414   0.395   0.382   0.343   0.333   0.327   0.325   0.324
                2.5                                                                                                                                                                                                                                                                                                             
                3                                                                                                                                                                                                                                                                                                               
                4                                                                                                                                                                                                                                                                                                               
                5                                                                                                                                                                                                                                                                                                               
                6                                                                                                                                                                                                                                                                                                               
                7                                                                                                                                                                                                                                                                                                               
                8                                                                                                                                                                                                                                                                                                               
