1DIM time_vs_thrust      
NX1 40      
148       1131.47
153       1096.49
158      1064.54
163      1035.47
168      1008.52
173      983.07
178      959.15
183      936.47
188      914.96
193      894.54
198      875.15
203      856.69
208      839.07
213      822.27
218      806.17
223      790.78
228      775.95
233      761.53
238      747.08
243      733.08
248     719.47
253     706.21
258     693.3
263     680.93
266.8       671
268     647.71
273     554.35
278     471.22
283     396.77
288     331.97
293     276.39
298     230.2
303     190.87
308     157.06
313     129.86
318     103.89
323     77.91
328     51.94
333     25.97
338     0